ID_Estudante,Idade,Genero,Porcentagem_Frequencia,Tarefas_Concluidas,Participacao_Aulas,Nota_Intermediaria,Nota_Final,Horas_Estudo_Semana,Projetos_Submetidos,Clareza_Ensino,Utilidade_Ensino,Pontualidade_Feedback,Desempenho_Estudante,Eficacia_Ensino
S0001,24,Feminino,75.95,2,7.94,52.36,33.88,9,1,4.02,2.99,1.65,Bom,Alta
S0002,21,Feminino,73.96,3,8.84,28.23,40.51,2,5,3.56,2.22,2.67,Media,Moderada
S0003,22,Masculino,51.28,6,3.45,29.81,23.9,19,3,1.48,4.71,4.33,Bom,Moderada
S0004,24,Feminino,67.06,2,4.62,27.78,62.89,9,0,2.93,3.35,4.95,Bom,Moderada
S0005,20,Feminino,69.01,8,4.15,77.15,64.04,17,0,3.74,2.63,2.27,Ruim,Alta
S0006,25,Masculino,69.94,7,0.13,65.19,85.05,13,5,4.12,3.6,3.13,Bom,Alta
S0007,22,Outros,79.01,3,2.96,83.24,74.09,17,0,1.08,4.07,3.05,Bom,Moderada
S0008,22,Feminino,76.68,0,4.59,97.55,54.26,7,1,4.56,4.84,4.82,Bom,Moderada
S0009,24,Outros,80.4,0,4.11,47.42,65.36,9,0,3.28,3.0,2.91,Media,Baixa
S0010,19,Feminino,88.24,0,7.22,6.67,27.4,12,4,4.25,1.45,3.8,Bom,Moderada
S0011,20,Feminino,90.65,0,3.85,4.81,59.31,7,4,4.23,2.76,4.69,Media,Moderada
S0012,24,Masculino,85.91,7,4.89,29.57,48.92,3,0,1.76,2.92,2.49,Excelente,Alta
S0013,20,Outros,97.78,2,4.3,93.25,13.33,3,5,1.44,4.59,4.61,Bom,Alta
S0014,20,Feminino,50.91,5,7.41,52.32,24.25,4,4,3.89,2.58,4.67,Bom,Moderada
S0015,25,Masculino,59.79,2,8.63,27.18,29.17,0,3,1.63,4.81,4.72,Media,Baixa
S0016,22,Masculino,50.38,10,5.32,39.92,92.43,16,4,4.4,2.94,2.08,Media,Moderada
S0017,21,Masculino,82.37,4,7.89,59.86,23.04,1,0,3.9,4.9,2.6,Media,Moderada
S0018,25,Feminino,94.9,6,2.97,65.29,28.92,7,5,4.37,1.03,4.48,Media,Baixa
S0019,25,Outros,62.17,1,5.41,15.39,36.94,6,2,2.2,4.6,2.44,Bom,Baixa
S0020,20,Masculino,96.35,5,3.45,97.7,66.37,14,5,2.27,4.72,3.4,Media,Alta
S0021,23,Feminino,53.01,5,4.14,54.48,11.82,4,5,3.68,4.84,1.47,Bom,Alta
S0022,22,Masculino,96.72,10,7.32,13.57,95.39,1,5,1.13,1.05,1.23,Media,Moderada
S0023,19,Outros,67.58,2,8.82,89.36,86.56,6,3,3.91,1.69,2.65,Bom,Moderada
S0024,25,Feminino,55.07,5,1.21,7.46,57.72,7,1,4.34,3.62,3.32,Excelente,Baixa
S0025,21,Feminino,74.29,9,6.35,90.77,67.4,6,0,2.66,1.1,2.57,Bom,Alta
S0026,23,Feminino,62.84,9,5.82,99.66,1.67,6,1,4.06,1.25,3.31,Bom,Alta
S0027,23,Masculino,64.24,4,1.18,70.04,33.89,13,2,1.7,1.88,3.06,Bom,Baixa
S0028,19,Masculino,65.36,1,2.12,77.04,79.57,17,1,2.29,3.05,3.74,Media,Moderada
S0029,25,Masculino,90.15,8,3.11,33.73,7.75,5,0,4.9,3.18,3.6,Excelente,Baixa
S0030,21,Feminino,76.96,7,1.67,94.16,28.23,3,0,4.95,1.14,2.7,Bom,Moderada
S0031,22,Feminino,65.57,2,2.44,52.97,58.53,9,2,3.05,1.68,2.7,Media,Moderada
S0032,18,Outros,80.52,7,2.68,73.24,25.64,17,0,4.74,3.0,1.56,Bom,Alta
S0033,21,Outros,85.81,8,3.36,92.41,93.4,11,2,3.09,3.38,3.05,Media,Alta
S0034,19,Feminino,63.63,2,7.49,97.52,13.11,15,2,2.17,1.59,3.35,Bom,Moderada
S0035,23,Feminino,70.68,2,5.72,83.32,79.74,6,0,2.07,2.6,2.91,Ruim,Moderada
S0036,22,Outros,56.09,1,9.86,30.3,50.79,5,4,4.72,4.62,2.3,Bom,Alta
S0037,21,Feminino,59.06,7,4.15,96.65,75.03,4,2,1.69,5.0,3.89,Excelente,Baixa
S0038,18,Masculino,84.06,9,7.54,62.81,31.07,2,0,3.32,4.95,1.3,Bom,Alta
S0039,18,Feminino,59.07,0,8.71,93.06,51.45,11,4,3.22,4.53,4.66,Excelente,Moderada
S0040,20,Masculino,76.26,7,6.79,67.61,85.68,14,2,3.96,2.58,1.08,Ruim,Alta
S0041,20,Outros,85.45,6,4.12,30.72,46.69,9,4,3.0,3.75,4.85,Excelente,Baixa
S0042,24,Feminino,55.34,6,7.54,37.0,35.97,19,3,2.09,2.67,2.85,Bom,Alta
S0043,19,Masculino,78.37,2,2.04,55.05,53.62,18,5,1.68,3.59,2.65,Bom,Moderada
S0044,25,Feminino,62.83,0,3.28,79.0,71.74,15,3,3.48,2.24,2.03,Media,Alta
S0045,21,Feminino,98.15,3,5.47,31.8,44.36,10,4,3.88,3.42,1.04,Bom,Moderada
S0046,21,Masculino,74.18,8,5.75,57.97,93.89,7,2,3.28,3.1,2.1,Ruim,Moderada
S0047,25,Masculino,90.3,4,0.22,34.56,29.49,2,0,3.95,1.1,1.44,Excelente,Alta
S0048,24,Feminino,77.51,0,9.45,81.58,47.55,6,1,1.57,4.16,3.64,Excelente,Alta
S0049,23,Feminino,52.17,4,6.97,46.67,75.69,6,0,4.53,1.05,2.28,Bom,Baixa
S0050,23,Feminino,81.66,7,4.96,7.67,68.91,13,1,3.33,2.17,4.07,Media,Baixa
S0051,24,Feminino,97.57,7,9.33,16.61,86.36,1,1,1.51,1.02,1.83,Media,Alta
S0052,23,Feminino,80.08,4,4.39,6.11,99.68,9,2,2.85,2.5,4.6,Excelente,Alta
S0053,20,Feminino,90.96,8,9.8,49.93,42.69,18,4,4.38,1.25,3.09,Excelente,Alta
S0054,21,Feminino,94.21,0,5.12,10.63,11.12,8,0,4.59,4.65,1.46,Media,Alta
S0055,24,Feminino,61.4,3,1.14,11.41,3.04,15,4,2.06,2.66,2.6,Excelente,Baixa
S0056,21,Masculino,60.6,2,7.65,94.1,72.69,18,3,3.85,2.84,1.83,Excelente,Moderada
S0057,25,Masculino,80.55,1,6.79,87.27,87.4,17,2,1.4,2.4,1.8,Excelente,Moderada
S0058,18,Masculino,70.55,7,7.73,45.21,22.07,8,2,1.13,3.51,3.03,Excelente,Baixa
S0059,20,Feminino,91.99,6,9.51,98.58,15.84,15,3,3.24,4.14,3.69,Bom,Moderada
S0060,22,Feminino,95.0,8,7.76,0.02,6.22,12,0,3.78,3.59,4.65,Excelente,Moderada
S0061,20,Feminino,67.67,1,6.11,61.4,82.27,9,5,4.18,3.99,3.01,Bom,Moderada
S0062,24,Masculino,61.84,3,8.57,61.64,31.14,19,3,2.36,4.62,4.86,Media,Moderada
S0063,22,Masculino,89.03,5,6.73,45.74,40.17,13,0,1.03,4.45,4.77,Bom,Moderada
S0064,18,Masculino,63.74,10,4.08,39.69,50.28,11,1,2.92,3.7,4.46,Media,Alta
S0065,24,Masculino,91.13,2,8.86,45.54,83.95,18,2,1.06,1.86,3.0,Excelente,Alta
S0066,19,Feminino,71.19,7,2.22,41.5,65.08,6,0,1.37,3.55,1.56,Media,Alta
S0067,21,Masculino,83.38,2,7.15,73.05,61.51,14,4,2.31,3.02,1.87,Bom,Alta
S0068,18,Masculino,54.78,1,8.82,13.54,17.57,15,4,2.75,3.87,3.59,Media,Moderada
S0069,21,Outros,81.19,2,7.31,19.76,51.32,7,2,2.12,4.33,2.69,Excelente,Moderada
S0070,23,Masculino,72.59,10,6.97,18.05,71.54,9,3,3.33,3.97,1.59,Media,Moderada
S0071,19,Feminino,79.33,5,7.53,26.25,97.33,3,5,1.22,4.39,2.92,Bom,Alta
S0072,19,Feminino,58.4,1,4.65,52.53,20.14,18,3,1.58,1.26,1.07,Bom,Moderada
S0073,18,Masculino,86.84,7,8.74,11.12,0.95,18,0,3.78,1.13,3.94,Ruim,Alta
S0074,19,Feminino,93.14,0,2.03,86.82,7.53,14,3,1.57,2.03,1.29,Bom,Moderada
S0075,22,Feminino,60.84,6,1.27,29.74,37.59,13,2,3.56,4.6,3.52,Bom,Moderada
S0076,19,Outros,54.79,1,2.86,16.25,82.05,0,0,1.22,4.29,4.17,Ruim,Alta
S0077,21,Masculino,51.18,9,5.32,67.56,0.71,15,1,2.63,3.73,1.53,Bom,Moderada
S0078,21,Outros,82.1,5,5.11,3.81,45.67,9,3,1.71,3.8,3.07,Excelente,Moderada
S0079,24,Feminino,80.35,1,8.21,62.0,32.92,18,3,1.44,3.91,4.12,Ruim,Alta
S0080,21,Masculino,77.33,1,4.05,69.82,5.25,2,5,3.27,4.77,2.04,Bom,Alta
S0081,24,Feminino,61.6,9,4.84,21.49,45.02,4,0,4.71,4.33,1.65,Media,Baixa
S0082,21,Outros,69.55,7,0.13,4.2,25.47,8,4,1.22,3.49,2.35,Excelente,Alta
S0083,22,Feminino,79.72,1,4.1,36.36,35.19,17,3,2.69,3.66,3.22,Media,Baixa
S0084,25,Masculino,74.84,6,6.48,9.86,70.56,10,2,3.83,1.85,3.3,Bom,Moderada
S0085,24,Feminino,99.39,2,0.16,11.65,52.16,15,3,2.85,3.63,1.52,Ruim,Alta
S0086,20,Masculino,56.82,7,2.81,25.43,12.46,1,5,4.23,2.7,2.83,Bom,Alta
S0087,23,Masculino,84.76,6,2.08,29.55,96.14,11,1,1.72,1.61,2.07,Excelente,Moderada
S0088,18,Masculino,70.22,7,0.42,53.0,63.59,5,5,4.84,4.23,4.37,Media,Moderada
S0089,21,Masculino,71.41,6,4.79,67.84,76.59,10,3,2.54,3.04,2.25,Excelente,Moderada
S0090,19,Masculino,85.88,10,1.82,59.28,7.92,7,4,2.37,4.91,4.35,Media,Baixa
S0091,25,Masculino,84.62,5,7.43,14.84,4.71,11,3,4.5,2.13,2.71,Media,Baixa
S0092,21,Feminino,99.56,6,8.48,17.21,1.94,1,0,3.26,2.92,3.91,Bom,Alta
S0093,19,Masculino,56.42,4,5.46,87.88,18.88,8,3,3.07,2.79,3.04,Media,Baixa
S0094,23,Masculino,55.21,6,9.82,55.84,41.44,14,4,3.91,1.48,3.49,Excelente,Baixa
S0095,23,Feminino,86.22,0,4.5,86.99,93.58,1,0,3.32,2.7,2.58,Bom,Baixa
S0096,23,Feminino,78.92,0,5.13,37.15,45.71,0,2,1.65,2.15,4.07,Bom,Moderada
S0097,19,Feminino,63.71,8,9.89,61.44,29.03,9,0,3.7,1.64,2.7,Media,Moderada
S0098,21,Masculino,53.97,4,2.32,52.37,56.19,1,5,1.53,2.13,2.83,Excelente,Moderada
S0099,23,Masculino,54.28,4,9.43,31.91,11.19,11,1,4.22,1.93,3.07,Media,Moderada
S0100,22,Masculino,94.71,2,0.43,46.99,60.95,7,5,4.96,3.94,4.33,Excelente,Baixa
S0101,24,Masculino,59.59,4,4.46,50.25,56.84,4,0,2.51,1.12,3.64,Media,Alta
S0102,19,Masculino,66.17,2,0.7,20.08,79.2,0,2,2.78,3.47,2.4,Excelente,Alta
S0103,19,Masculino,61.33,8,7.29,31.5,98.67,14,3,1.19,4.04,3.68,Media,Baixa
S0104,21,Masculino,67.75,8,6.08,79.14,25.09,5,0,1.05,2.92,3.57,Excelente,Alta
S0105,19,Masculino,53.47,5,7.07,91.58,50.97,11,5,4.69,4.73,4.72,Bom,Baixa
S0106,19,Feminino,75.95,0,3.74,35.98,90.89,7,0,1.51,3.83,4.37,Bom,Moderada
S0107,23,Masculino,53.38,6,3.69,30.7,78.52,12,0,2.78,3.99,3.59,Media,Alta
S0108,21,Masculino,90.02,6,0.45,19.52,48.74,18,0,4.26,1.79,2.37,Bom,Moderada
S0109,23,Feminino,61.69,9,3.5,67.85,94.54,0,2,4.56,4.11,4.12,Media,Moderada
S0110,24,Feminino,77.0,9,9.29,32.31,5.72,10,4,3.08,4.33,3.3,Bom,Moderada
S0111,25,Masculino,94.0,3,3.79,98.77,93.1,19,4,3.26,2.45,4.94,Media,Baixa
S0112,24,Feminino,82.54,7,8.31,32.57,5.05,0,0,3.68,1.85,1.99,Excelente,Baixa
S0113,25,Feminino,76.65,5,8.42,39.41,54.73,7,2,4.85,2.54,1.32,Bom,Moderada
S0114,23,Masculino,66.22,3,3.73,60.33,89.04,4,2,3.41,3.96,1.28,Bom,Alta
S0115,24,Feminino,66.65,3,6.32,80.17,26.27,16,0,3.24,2.67,3.56,Excelente,Baixa
S0116,21,Outros,83.47,1,0.95,46.95,47.22,7,5,1.06,3.95,4.76,Excelente,Moderada
S0117,18,Masculino,99.71,1,1.04,42.27,32.43,9,5,1.32,1.45,1.01,Ruim,Alta
S0118,23,Masculino,83.09,3,0.49,99.56,95.21,1,1,3.31,4.22,3.9,Ruim,Baixa
S0119,25,Feminino,77.89,4,5.81,1.05,82.36,8,0,4.74,2.01,3.63,Media,Baixa
S0120,22,Feminino,86.53,7,4.26,89.51,70.9,2,1,4.47,2.0,3.93,Bom,Moderada
S0121,25,Masculino,73.26,5,5.48,14.91,58.76,17,5,4.93,3.36,2.42,Bom,Moderada
S0122,22,Masculino,53.01,3,5.21,78.59,82.06,6,5,3.11,1.28,4.28,Media,Moderada
S0123,19,Masculino,78.11,10,3.5,61.79,39.23,14,0,4.15,1.11,1.18,Excelente,Moderada
S0124,24,Feminino,97.88,6,6.77,34.18,44.76,19,1,4.36,2.04,4.02,Ruim,Baixa
S0125,22,Feminino,58.77,7,7.59,87.39,73.0,17,1,3.59,3.15,2.07,Bom,Baixa
S0126,25,Masculino,84.5,1,0.15,1.29,35.78,2,0,2.35,4.63,2.91,Ruim,Moderada
S0127,19,Feminino,60.05,6,2.07,22.67,6.39,13,1,2.88,4.39,4.29,Bom,Moderada
S0128,18,Feminino,76.79,1,7.13,56.69,7.43,1,3,4.43,2.96,2.09,Media,Baixa
S0129,21,Masculino,54.83,1,3.87,35.15,11.54,13,5,2.19,1.15,1.74,Excelente,Alta
S0130,21,Masculino,72.52,7,6.62,61.04,86.97,10,4,4.69,3.14,3.73,Media,Alta
S0131,21,Feminino,87.81,1,3.47,2.41,47.22,15,2,1.92,3.82,3.13,Bom,Baixa
S0132,22,Feminino,67.38,10,3.91,11.65,71.29,7,1,4.0,2.36,3.06,Media,Alta
S0133,18,Feminino,83.25,8,1.59,12.71,39.29,6,1,3.52,1.44,2.03,Media,Alta
S0134,22,Feminino,89.77,0,2.58,18.93,25.87,10,2,4.0,2.11,1.14,Excelente,Alta
S0135,24,Masculino,96.36,8,6.05,45.93,34.72,2,1,2.75,4.09,2.64,Bom,Moderada
S0136,22,Masculino,61.73,0,4.33,75.21,79.42,16,2,4.73,2.4,1.43,Bom,Alta
S0137,18,Feminino,69.97,9,7.74,90.55,62.52,13,0,3.53,4.25,4.62,Bom,Moderada
S0138,18,Masculino,57.62,9,8.53,83.54,93.76,5,3,2.15,2.28,1.17,Bom,Baixa
S0139,24,Masculino,99.62,1,5.42,19.69,67.97,7,3,3.55,1.65,2.73,Bom,Moderada
S0140,18,Masculino,96.35,5,7.58,44.12,57.02,4,5,2.15,2.74,1.21,Bom,Moderada
S0141,25,Masculino,77.0,5,3.07,19.94,61.02,7,4,2.17,2.81,1.38,Media,Alta
S0142,18,Masculino,92.1,0,4.15,26.45,94.24,1,1,2.6,1.06,3.64,Media,Moderada
S0143,21,Masculino,76.05,6,7.13,50.35,78.82,14,4,4.41,1.47,3.59,Bom,Moderada
S0144,25,Masculino,81.18,7,3.86,6.81,2.4,11,0,3.0,1.74,1.13,Media,Moderada
S0145,25,Masculino,54.46,1,5.89,21.82,53.41,16,3,3.72,1.45,1.0,Media,Alta
S0146,24,Feminino,87.76,7,1.85,93.54,68.83,0,0,2.57,2.37,1.32,Bom,Moderada
S0147,20,Feminino,56.39,8,6.0,46.61,74.87,14,0,2.05,4.86,4.05,Bom,Baixa
S0148,20,Feminino,91.3,5,8.62,44.54,21.31,13,1,4.82,3.04,3.34,Bom,Moderada
S0149,18,Feminino,89.1,4,8.69,1.46,86.72,19,0,3.41,3.51,1.15,Media,Moderada
S0150,25,Feminino,85.44,8,7.24,24.74,95.58,15,3,4.74,2.43,2.95,Media,Moderada
S0151,20,Masculino,51.81,10,7.46,86.63,23.67,8,4,1.81,2.29,3.85,Excelente,Moderada
S0152,20,Feminino,65.16,8,5.58,16.46,88.26,0,3,1.59,1.09,4.48,Media,Moderada
S0153,18,Feminino,63.16,0,5.85,41.51,9.7,16,1,4.42,3.0,4.74,Bom,Alta
S0154,20,Feminino,68.01,10,1.34,1.43,5.57,12,3,3.72,2.93,2.31,Excelente,Moderada
S0155,22,Masculino,54.38,2,4.44,47.83,12.92,4,2,1.75,1.63,1.54,Media,Baixa
S0156,19,Masculino,96.85,8,4.51,2.1,5.77,9,4,2.08,4.06,1.95,Media,Moderada
S0157,24,Masculino,77.69,10,9.58,81.96,84.5,5,2,4.2,2.97,4.1,Bom,Alta
S0158,19,Masculino,65.28,1,4.31,82.49,5.91,18,2,2.82,2.36,4.89,Bom,Alta
S0159,18,Feminino,69.85,3,5.49,78.77,27.17,12,5,3.68,1.59,2.87,Ruim,Moderada
S0160,21,Feminino,72.36,3,5.33,28.34,10.38,0,1,2.27,3.21,2.22,Bom,Baixa
S0161,24,Masculino,80.03,1,6.37,83.72,29.54,19,0,2.52,4.01,2.72,Media,Moderada
S0162,18,Outros,75.78,2,7.48,54.3,9.06,14,2,4.96,2.13,2.22,Excelente,Moderada
S0163,25,Feminino,95.97,2,2.25,37.38,66.8,13,3,1.99,1.88,2.03,Excelente,Alta
S0164,21,Masculino,74.85,0,5.29,62.53,13.33,7,0,3.03,3.09,3.38,Bom,Moderada
S0165,19,Masculino,99.61,5,8.26,1.23,85.18,9,3,4.38,1.62,1.06,Bom,Moderada
S0166,18,Masculino,92.57,7,4.63,14.3,81.72,8,3,1.96,3.67,2.04,Media,Baixa
S0167,25,Masculino,60.43,2,2.78,74.23,1.37,16,0,2.66,3.42,3.65,Bom,Moderada
S0168,24,Masculino,96.53,4,6.55,24.42,89.57,8,0,3.46,1.35,1.13,Bom,Moderada
S0169,24,Masculino,55.82,0,8.24,59.8,2.89,2,3,2.92,1.15,1.33,Bom,Moderada
S0170,23,Masculino,90.87,9,0.63,38.51,23.96,10,1,2.84,3.48,2.17,Bom,Moderada
S0171,25,Masculino,69.03,6,7.77,85.48,3.24,11,4,2.45,2.18,4.51,Ruim,Baixa
S0172,22,Feminino,93.9,9,8.22,95.24,33.58,9,5,3.35,1.35,4.06,Media,Alta
S0173,20,Masculino,93.4,0,4.62,88.36,51.39,16,4,3.5,4.04,1.09,Excelente,Moderada
S0174,21,Feminino,90.3,10,9.83,27.06,79.66,16,1,3.61,2.26,3.01,Media,Moderada
S0175,25,Masculino,89.5,8,7.87,19.42,33.8,10,5,1.28,2.84,2.1,Media,Moderada
S0176,23,Outros,65.23,7,7.74,47.44,70.55,3,0,3.52,1.95,3.59,Media,Alta
S0177,20,Masculino,54.05,6,7.48,0.73,18.75,6,5,4.81,3.51,3.89,Excelente,Moderada
S0178,20,Masculino,70.15,9,1.51,2.58,75.06,13,3,3.16,2.21,4.45,Bom,Moderada
S0179,18,Outros,58.68,6,2.17,55.33,23.6,6,4,3.86,4.87,2.9,Excelente,Baixa
S0180,20,Feminino,84.75,4,4.64,52.04,14.35,7,5,3.23,3.81,4.98,Media,Alta
S0181,22,Feminino,67.3,4,2.64,99.46,18.54,0,3,4.42,1.55,4.92,Media,Baixa
S0182,24,Masculino,98.78,10,4.15,20.18,18.21,3,1,4.72,2.67,4.53,Bom,Alta
S0183,23,Masculino,82.05,4,8.88,25.81,51.29,11,5,1.74,2.54,3.3,Bom,Alta
S0184,20,Feminino,91.12,0,8.24,11.35,84.48,2,3,2.75,3.14,2.59,Excelente,Alta
S0185,18,Outros,56.63,7,6.3,91.75,7.96,12,1,2.57,4.37,2.46,Excelente,Baixa
S0186,22,Feminino,93.1,10,8.58,77.78,70.7,19,0,2.62,3.33,1.05,Ruim,Alta
S0187,19,Feminino,96.14,0,7.84,82.23,65.43,5,1,1.5,1.25,2.0,Excelente,Moderada
S0188,24,Masculino,74.35,3,4.29,90.28,87.25,10,1,4.25,3.62,3.88,Excelente,Moderada
S0189,24,Feminino,80.31,8,2.01,52.49,24.41,3,4,1.14,1.03,3.41,Ruim,Baixa
S0190,23,Masculino,88.24,8,5.14,45.12,45.01,19,3,3.11,4.12,4.67,Bom,Baixa
S0191,24,Masculino,58.74,4,7.36,33.04,92.58,15,5,3.65,3.67,1.2,Media,Moderada
S0192,20,Masculino,75.13,3,4.36,58.92,66.0,6,4,1.83,2.24,1.62,Excelente,Baixa
S0193,18,Feminino,69.93,2,6.67,45.43,38.88,10,2,4.62,2.17,4.16,Bom,Moderada
S0194,24,Masculino,57.32,2,0.94,45.16,13.14,0,1,4.35,4.19,2.43,Bom,Baixa
S0195,24,Masculino,68.38,4,7.48,93.69,26.25,6,2,2.88,4.13,1.47,Media,Alta
S0196,19,Feminino,53.41,9,8.13,98.4,58.12,11,4,2.64,2.41,4.99,Excelente,Alta
S0197,19,Masculino,51.29,0,7.07,79.65,71.82,6,3,1.95,2.2,4.15,Bom,Moderada
S0198,21,Feminino,56.76,4,9.67,75.68,12.44,6,4,3.92,3.24,2.63,Media,Moderada
S0199,22,Masculino,98.16,5,8.27,68.06,59.96,9,3,1.53,1.03,4.29,Bom,Moderada
S0200,20,Feminino,77.48,6,9.03,16.61,55.04,15,3,3.72,1.33,3.72,Bom,Moderada
S0201,24,Feminino,98.29,8,9.34,5.91,51.4,7,0,4.37,1.5,4.16,Excelente,Moderada
S0202,25,Masculino,71.62,2,8.01,69.07,69.01,8,1,1.91,1.74,4.26,Excelente,Moderada
S0203,24,Masculino,65.59,1,6.74,72.88,83.74,8,4,4.47,3.05,1.34,Media,Alta
S0204,18,Masculino,75.31,2,0.06,4.7,32.3,1,3,1.13,4.97,3.49,Media,Baixa
S0205,21,Masculino,71.98,8,4.66,92.81,88.9,12,4,4.65,3.61,1.03,Ruim,Baixa
S0206,22,Outros,55.28,6,5.71,9.11,16.06,12,4,1.47,1.25,1.17,Media,Baixa
S0207,25,Masculino,82.04,8,3.04,28.59,17.3,3,3,3.58,3.1,4.62,Bom,Moderada
S0208,21,Feminino,60.8,1,3.18,67.24,26.68,11,5,2.0,2.99,3.11,Media,Moderada
S0209,23,Masculino,80.98,4,9.61,16.99,11.95,16,2,4.35,1.58,3.94,Excelente,Baixa
S0210,22,Feminino,82.51,3,8.92,5.54,23.03,1,1,3.05,4.68,4.35,Bom,Baixa
S0211,24,Feminino,57.6,1,8.49,33.11,10.64,12,1,1.54,2.76,4.8,Bom,Moderada
S0212,24,Feminino,53.07,8,4.06,76.6,82.18,17,5,3.28,4.98,4.48,Excelente,Moderada
S0213,22,Feminino,89.04,8,0.14,41.37,13.9,14,0,2.63,2.68,2.93,Media,Moderada
S0214,24,Masculino,72.99,5,0.8,65.3,74.73,7,5,3.65,3.43,2.34,Bom,Moderada
S0215,20,Masculino,52.91,10,3.12,57.96,4.79,14,0,4.53,1.42,1.62,Bom,Alta
S0216,22,Outros,99.74,5,0.16,2.22,94.85,0,0,2.64,2.82,2.6,Bom,Moderada
S0217,21,Feminino,52.89,7,0.17,98.85,71.12,19,5,2.16,1.96,2.47,Bom,Baixa
S0218,22,Outros,84.75,5,9.17,4.14,0.68,9,1,1.06,4.34,3.24,Excelente,Moderada
S0219,25,Masculino,99.18,0,7.06,96.78,76.39,11,2,3.3,4.14,3.66,Media,Moderada
S0220,24,Feminino,61.96,3,3.09,54.99,51.41,4,1,2.61,4.3,4.91,Bom,Moderada
S0221,20,Outros,57.11,6,1.33,96.32,77.94,8,1,2.5,3.89,3.91,Media,Baixa
S0222,20,Masculino,56.07,1,5.12,11.48,52.25,7,1,1.73,4.33,3.57,Excelente,Moderada
S0223,23,Masculino,65.16,8,0.05,49.04,64.1,15,5,2.72,1.8,2.34,Bom,Moderada
S0224,21,Feminino,55.05,7,9.38,16.95,78.63,13,5,4.94,2.81,1.14,Media,Moderada
S0225,19,Feminino,84.61,7,4.15,5.1,40.51,12,5,2.19,3.77,2.15,Media,Moderada
S0226,19,Feminino,53.11,6,4.02,61.75,0.27,12,1,3.4,3.55,4.07,Bom,Moderada
S0227,22,Masculino,75.47,3,3.91,20.78,84.99,4,2,4.11,3.87,1.82,Media,Moderada
S0228,23,Feminino,99.83,1,0.69,58.77,38.09,15,0,4.0,1.9,3.85,Ruim,Moderada
S0229,18,Masculino,90.7,2,6.38,11.24,49.6,10,4,2.32,1.39,3.32,Ruim,Moderada
S0230,22,Masculino,80.76,5,7.33,33.2,0.78,4,0,3.44,4.67,1.69,Media,Alta
S0231,23,Masculino,65.31,4,6.76,78.16,49.21,12,0,4.49,3.24,2.05,Media,Alta
S0232,21,Feminino,81.19,7,1.38,43.71,98.65,10,4,1.06,1.62,2.99,Bom,Alta
S0233,21,Feminino,76.35,5,5.79,62.77,27.83,18,1,2.74,4.17,2.67,Media,Baixa
S0234,21,Feminino,71.3,5,5.69,64.75,39.54,2,2,1.9,4.66,4.11,Bom,Alta
S0235,21,Masculino,56.54,0,8.68,84.38,68.72,14,2,2.55,1.68,3.94,Ruim,Alta
S0236,21,Feminino,94.33,3,3.79,32.49,81.48,6,0,2.66,4.27,3.3,Excelente,Alta
S0237,23,Masculino,72.49,4,3.71,68.73,41.74,6,4,3.99,4.73,4.29,Bom,Moderada
S0238,23,Feminino,59.73,10,6.19,96.16,30.97,5,3,1.38,4.75,3.25,Bom,Alta
S0239,20,Masculino,68.39,2,6.33,73.02,93.78,2,1,3.05,4.66,4.86,Bom,Moderada
S0240,25,Masculino,70.71,8,4.69,48.99,67.71,12,0,3.26,3.19,1.87,Bom,Alta
S0241,19,Feminino,91.38,0,4.43,63.07,11.9,6,2,2.98,2.42,3.86,Bom,Baixa
S0242,24,Masculino,86.68,5,4.94,73.97,6.89,4,5,3.93,1.03,2.48,Media,Baixa
S0243,21,Feminino,88.47,5,8.61,61.23,48.35,17,5,2.54,1.24,2.12,Media,Baixa
S0244,18,Feminino,50.55,9,4.61,1.67,22.01,7,4,4.78,2.72,1.72,Bom,Moderada
S0245,24,Masculino,70.81,4,9.4,19.48,25.4,16,4,2.93,2.6,3.21,Media,Moderada
S0246,23,Feminino,74.07,4,5.04,81.05,87.77,19,0,3.28,1.74,1.86,Bom,Moderada
S0247,18,Masculino,50.96,9,9.49,27.27,8.96,0,3,4.3,2.58,1.8,Excelente,Moderada
S0248,18,Feminino,62.99,4,8.33,73.16,71.54,13,2,2.1,1.7,4.96,Media,Moderada
S0249,18,Outros,88.01,5,3.62,37.21,27.11,16,0,1.3,4.4,4.21,Media,Alta
S0250,20,Feminino,56.86,7,8.64,52.19,76.03,9,3,3.83,2.19,3.99,Bom,Moderada
S0251,23,Masculino,76.77,1,1.1,6.8,72.24,11,4,2.93,3.39,4.18,Bom,Alta
S0252,18,Outros,60.76,5,9.25,18.12,0.74,15,5,4.59,3.01,4.88,Bom,Moderada
S0253,21,Feminino,50.61,0,6.32,95.72,50.91,13,1,4.93,1.21,3.29,Bom,Moderada
S0254,22,Masculino,62.06,3,0.54,89.01,13.93,15,5,2.6,4.77,1.88,Excelente,Moderada
S0255,18,Masculino,98.79,9,6.44,65.23,86.62,7,2,2.66,3.11,4.45,Ruim,Baixa
S0256,20,Feminino,90.08,2,9.74,45.96,87.16,9,2,2.63,2.3,3.97,Media,Moderada
S0257,24,Feminino,97.98,8,0.7,67.58,41.83,16,5,2.3,1.63,2.66,Media,Moderada
S0258,23,Feminino,74.39,2,5.55,61.86,44.44,17,5,4.13,2.35,2.89,Bom,Moderada
S0259,25,Feminino,55.49,5,7.48,56.86,30.33,19,3,4.04,1.08,2.65,Media,Alta
S0260,20,Feminino,77.4,0,8.1,5.92,71.66,15,0,2.91,2.45,4.72,Bom,Moderada
S0261,18,Masculino,72.72,5,4.14,63.28,35.87,16,4,1.18,3.13,2.37,Bom,Baixa
S0262,23,Masculino,92.22,3,2.04,76.89,26.78,15,3,2.24,4.49,4.85,Excelente,Baixa
S0263,22,Masculino,54.9,7,0.42,99.41,43.22,18,1,2.17,3.75,4.64,Media,Moderada
S0264,18,Feminino,74.41,10,5.8,1.11,9.15,7,5,4.24,1.45,3.52,Ruim,Alta
S0265,20,Masculino,57.5,8,4.53,73.02,74.66,5,1,1.35,1.59,3.32,Excelente,Alta
S0266,19,Feminino,66.23,3,9.49,57.18,1.26,5,1,4.22,2.71,2.48,Excelente,Moderada
S0267,21,Feminino,86.87,9,0.61,43.41,64.45,8,3,3.68,1.78,1.07,Bom,Baixa
S0268,25,Feminino,73.8,9,6.85,12.76,18.29,3,4,3.93,1.11,1.51,Media,Moderada
S0269,24,Masculino,68.79,5,0.25,40.91,23.24,11,2,2.73,4.22,4.02,Bom,Baixa
S0270,20,Feminino,69.72,0,1.71,35.44,63.56,11,0,3.72,1.08,2.89,Bom,Moderada
S0271,23,Masculino,72.97,3,4.54,30.28,99.29,16,2,3.44,4.32,1.6,Media,Alta
S0272,25,Feminino,89.25,6,4.55,73.09,77.77,14,4,4.08,1.58,2.06,Bom,Alta
S0273,25,Masculino,94.6,0,6.86,70.07,22.58,8,2,2.79,4.9,4.79,Excelente,Alta
S0274,25,Masculino,97.77,7,9.1,58.9,17.6,6,5,2.89,3.42,2.47,Excelente,Moderada
S0275,18,Feminino,89.35,9,6.39,93.87,86.62,9,5,3.57,3.94,4.63,Media,Alta
S0276,21,Masculino,65.77,10,9.54,34.99,44.42,15,3,1.43,1.44,2.22,Bom,Moderada
S0277,18,Masculino,84.41,5,8.82,24.38,13.71,11,1,2.74,4.45,3.17,Ruim,Moderada
S0278,23,Feminino,71.88,4,5.84,65.59,86.22,6,4,4.89,4.36,1.08,Media,Moderada
S0279,18,Feminino,62.73,9,8.34,19.88,81.61,17,4,1.15,3.61,3.09,Excelente,Alta
S0280,19,Feminino,92.04,10,6.43,31.5,98.39,14,2,2.26,3.01,3.55,Bom,Alta
S0281,21,Feminino,51.92,8,0.79,22.46,90.97,5,3,2.26,3.89,1.94,Bom,Moderada
S0282,21,Feminino,95.09,1,7.41,6.92,85.18,11,2,3.53,1.02,3.32,Excelente,Moderada
S0283,23,Masculino,73.07,4,0.95,82.75,5.26,10,2,1.42,3.37,3.59,Ruim,Moderada
S0284,24,Masculino,81.86,5,5.94,25.45,10.44,19,4,3.51,4.39,3.75,Media,Baixa
S0285,19,Masculino,82.97,6,7.03,47.3,56.9,2,2,1.38,2.43,4.11,Bom,Moderada
S0286,20,Outros,94.76,4,0.67,4.33,53.15,1,1,1.38,1.43,2.25,Bom,Moderada
S0287,18,Feminino,81.83,8,2.31,69.93,45.8,5,2,3.91,2.68,3.27,Excelente,Moderada
S0288,22,Masculino,80.7,0,9.16,33.06,39.68,4,1,2.3,3.91,4.93,Bom,Baixa
S0289,18,Feminino,53.33,6,6.16,74.47,43.12,17,4,4.91,1.43,4.59,Bom,Moderada
S0290,25,Outros,75.92,9,2.46,41.24,56.93,15,3,1.15,1.82,4.81,Bom,Moderada
S0291,18,Masculino,57.51,6,6.91,19.58,0.21,7,5,2.78,1.59,2.54,Ruim,Moderada
S0292,20,Feminino,86.87,3,5.97,51.32,26.07,19,1,1.45,4.19,4.15,Excelente,Moderada
S0293,18,Feminino,75.61,8,5.02,13.05,51.83,10,3,2.41,1.25,3.48,Bom,Moderada
S0294,19,Feminino,84.01,10,9.76,44.05,72.22,9,3,4.99,3.75,1.33,Media,Moderada
S0295,19,Masculino,52.08,4,6.83,31.73,17.42,11,1,4.56,2.47,4.3,Bom,Baixa
S0296,21,Feminino,54.24,3,3.75,91.2,54.69,5,4,1.19,4.02,3.71,Excelente,Baixa
S0297,23,Outros,85.82,6,8.0,6.09,71.45,19,0,3.25,4.86,1.8,Bom,Alta
S0298,24,Feminino,53.6,3,8.85,69.4,44.46,4,3,3.59,1.46,1.32,Bom,Alta
S0299,22,Feminino,53.56,2,1.25,18.28,2.71,8,3,1.84,2.26,4.35,Ruim,Alta
S0300,25,Outros,50.61,8,2.01,31.9,44.93,15,4,1.58,4.24,1.32,Ruim,Moderada
S0301,18,Feminino,97.83,10,2.16,41.55,29.64,13,4,4.62,2.06,1.37,Ruim,Moderada
S0302,18,Masculino,86.88,7,6.91,90.8,92.96,7,2,4.88,1.86,2.71,Media,Alta
S0303,20,Feminino,67.66,0,6.03,24.26,12.46,19,4,4.97,4.3,1.54,Bom,Alta
S0304,23,Feminino,64.83,6,6.19,9.13,65.25,18,3,4.16,4.95,4.65,Ruim,Moderada
S0305,19,Masculino,67.49,8,9.41,31.87,5.27,13,1,3.65,3.23,2.88,Ruim,Alta
S0306,22,Feminino,88.73,7,7.76,10.47,44.62,6,0,2.38,2.11,3.28,Bom,Alta
S0307,21,Outros,83.07,7,1.28,12.86,55.4,4,2,1.69,2.59,4.71,Bom,Moderada
S0308,19,Outros,59.26,5,3.48,57.39,29.8,17,1,1.32,1.68,3.12,Bom,Alta
S0309,25,Feminino,58.71,10,4.35,6.09,45.51,1,0,3.77,4.05,2.41,Excelente,Alta
S0310,23,Masculino,54.92,3,3.96,3.09,16.36,10,0,4.14,4.09,4.19,Excelente,Baixa
S0311,25,Outros,83.02,7,6.69,71.44,30.41,7,0,4.31,4.5,2.77,Ruim,Baixa
S0312,24,Feminino,88.22,2,8.92,36.16,62.11,0,5,4.66,1.11,2.27,Ruim,Moderada
S0313,21,Masculino,63.25,8,3.06,12.54,30.18,11,1,4.52,3.25,3.89,Excelente,Alta
S0314,24,Outros,51.05,1,5.52,25.36,89.97,1,2,5.0,1.86,4.21,Bom,Moderada
S0315,20,Feminino,54.11,1,7.89,64.21,62.84,17,2,1.98,2.36,4.17,Media,Moderada
S0316,25,Feminino,98.39,6,4.16,27.55,43.86,6,0,4.05,4.14,4.91,Media,Alta
S0317,20,Feminino,64.77,9,1.68,49.45,3.88,16,1,3.35,1.77,4.15,Bom,Alta
S0318,18,Masculino,88.46,3,4.75,12.17,49.95,13,5,2.04,3.55,4.08,Media,Alta
S0319,24,Masculino,81.23,9,0.55,58.81,76.48,6,0,4.93,3.62,4.43,Media,Moderada
S0320,23,Masculino,69.1,7,9.42,31.61,26.56,2,4,4.59,4.82,1.0,Ruim,Baixa
S0321,25,Feminino,60.28,8,0.75,62.7,80.68,5,2,1.51,4.1,2.45,Bom,Moderada
S0322,22,Masculino,56.07,6,4.38,80.84,25.18,19,3,1.1,4.21,3.95,Excelente,Moderada
S0323,21,Masculino,80.75,4,5.3,61.16,82.37,1,0,3.75,3.13,3.4,Ruim,Moderada
S0324,19,Masculino,88.73,7,9.85,29.57,8.53,16,4,3.42,1.75,1.71,Excelente,Moderada
S0325,23,Feminino,82.2,3,1.66,25.57,86.62,11,2,4.74,2.7,2.21,Media,Moderada
S0326,23,Outros,76.52,1,1.14,32.74,49.92,11,5,1.94,3.2,2.35,Excelente,Alta
S0327,20,Masculino,52.1,10,0.09,16.46,29.65,16,1,1.34,3.71,3.27,Bom,Moderada
S0328,24,Masculino,98.42,5,1.56,18.12,26.51,9,2,2.04,3.43,4.33,Bom,Baixa
S0329,25,Feminino,89.94,8,2.07,79.07,43.2,2,1,1.08,2.58,4.73,Excelente,Moderada
S0330,25,Feminino,64.64,0,6.31,38.47,99.9,19,1,1.14,2.06,4.0,Ruim,Baixa
S0331,18,Masculino,99.0,10,2.2,43.6,22.03,17,5,4.66,1.67,4.37,Excelente,Moderada
S0332,18,Feminino,80.09,9,0.21,59.4,10.32,12,5,2.41,3.78,2.88,Media,Moderada
S0333,21,Masculino,79.12,6,8.27,58.97,58.5,11,0,2.64,3.58,2.56,Media,Alta
S0334,20,Masculino,87.4,9,3.66,6.74,48.85,16,0,1.07,3.75,2.57,Bom,Moderada
S0335,23,Feminino,90.59,8,3.54,83.15,52.42,3,2,2.08,2.49,3.46,Media,Baixa
S0336,25,Masculino,82.82,9,3.02,17.73,66.69,9,5,4.22,2.05,1.5,Bom,Moderada
S0337,22,Outros,56.4,8,9.75,72.31,26.71,10,4,3.46,4.04,3.32,Media,Alta
S0338,20,Masculino,66.91,9,1.7,77.27,91.07,5,2,4.02,4.09,3.66,Bom,Alta
S0339,21,Feminino,96.4,10,8.98,71.49,43.57,5,3,2.79,2.82,2.76,Bom,Moderada
S0340,21,Feminino,61.23,2,7.77,57.9,12.91,8,1,2.24,3.45,4.81,Bom,Moderada
S0341,20,Masculino,68.61,10,0.76,1.46,74.23,14,1,2.93,2.49,3.43,Media,Moderada
S0342,21,Feminino,71.6,4,9.87,36.04,64.31,1,0,2.29,3.81,1.88,Ruim,Baixa
S0343,20,Masculino,71.97,7,2.71,60.48,31.57,3,4,4.36,4.34,2.92,Excelente,Moderada
S0344,19,Outros,80.65,7,0.99,38.75,62.15,4,5,2.19,3.75,3.7,Bom,Moderada
S0345,20,Masculino,97.15,3,8.29,86.35,21.99,16,5,3.64,3.05,2.29,Bom,Alta
S0346,24,Masculino,62.03,10,7.07,30.88,44.48,7,0,1.55,2.83,1.32,Media,Alta
S0347,20,Masculino,56.08,10,6.17,29.35,89.94,7,3,3.75,3.57,3.33,Excelente,Moderada
S0348,21,Outros,59.87,0,1.56,26.6,13.35,11,2,4.65,3.72,4.79,Media,Baixa
S0349,25,Feminino,94.35,0,4.78,33.28,38.67,7,2,3.43,3.23,2.94,Excelente,Moderada
S0350,24,Feminino,82.29,3,7.81,55.74,82.11,18,4,3.24,3.5,4.62,Bom,Moderada
S0351,21,Masculino,64.3,5,3.04,70.7,96.95,2,0,4.84,1.39,4.34,Media,Alta
S0352,18,Feminino,90.8,7,3.12,66.26,45.39,17,0,3.51,4.81,1.59,Media,Baixa
S0353,18,Masculino,93.07,5,0.03,80.77,50.7,18,3,2.04,4.16,3.83,Media,Baixa
S0354,25,Feminino,92.33,8,1.74,88.59,57.22,18,2,2.17,2.5,2.74,Bom,Moderada
S0355,25,Masculino,95.95,8,8.75,81.61,93.23,14,0,3.82,3.25,2.0,Media,Alta
S0356,24,Masculino,62.61,1,4.42,1.89,85.82,5,5,3.94,1.19,3.75,Bom,Moderada
S0357,19,Masculino,87.75,9,9.84,73.59,17.06,15,4,2.21,1.16,3.97,Ruim,Baixa
S0358,25,Feminino,73.03,0,3.96,20.84,43.68,7,2,2.38,2.0,1.72,Bom,Moderada
S0359,18,Feminino,92.1,1,7.15,13.29,46.4,15,3,4.96,3.76,4.66,Bom,Moderada
S0360,20,Masculino,86.42,4,2.82,63.85,78.91,17,4,1.41,4.41,4.0,Bom,Alta
S0361,21,Feminino,88.82,3,3.64,31.97,60.29,19,1,2.62,3.24,4.73,Bom,Alta
S0362,18,Feminino,82.81,3,1.91,5.71,65.42,15,5,1.25,3.13,2.27,Excelente,Alta
S0363,18,Feminino,58.87,8,3.47,13.76,99.82,10,3,4.28,2.61,4.76,Media,Baixa
S0364,19,Masculino,77.25,10,5.47,0.09,7.5,6,4,1.37,1.65,2.47,Media,Moderada
S0365,24,Masculino,99.23,7,9.92,90.32,22.3,16,0,3.7,1.47,1.22,Ruim,Moderada
S0366,24,Feminino,96.87,5,6.64,2.46,40.79,16,1,1.23,4.04,4.05,Excelente,Alta
S0367,23,Masculino,52.16,0,1.99,20.95,34.78,11,3,3.69,4.71,3.81,Bom,Baixa
S0368,19,Masculino,58.24,1,0.45,41.63,2.16,12,0,4.37,2.83,3.39,Media,Baixa
S0369,20,Feminino,56.59,5,1.26,35.66,9.18,9,5,2.6,3.64,2.96,Bom,Alta
S0370,24,Outros,86.3,10,5.63,91.17,68.1,6,1,3.09,4.66,1.13,Bom,Baixa
S0371,21,Masculino,90.89,1,7.65,4.03,87.93,13,2,2.61,1.36,3.5,Media,Alta
S0372,25,Masculino,60.68,9,9.4,51.22,51.42,0,0,2.2,4.08,2.67,Bom,Alta
S0373,19,Feminino,75.29,4,0.16,68.05,53.92,16,4,4.21,3.47,3.24,Excelente,Alta
S0374,25,Masculino,92.04,4,5.23,93.17,25.51,3,3,2.09,3.39,2.72,Media,Baixa
S0375,18,Masculino,86.64,5,4.71,62.04,76.79,4,1,3.89,2.17,4.86,Excelente,Baixa
S0376,21,Masculino,77.11,5,6.56,80.38,75.18,19,0,1.82,3.74,3.42,Media,Moderada
S0377,21,Feminino,79.52,5,5.6,8.37,58.84,6,2,2.0,4.18,4.0,Excelente,Moderada
S0378,18,Feminino,75.42,1,6.87,38.59,21.27,9,3,2.35,1.45,4.75,Media,Moderada
S0379,19,Masculino,64.88,9,6.58,37.39,9.7,16,3,3.36,3.13,3.37,Excelente,Baixa
S0380,18,Masculino,78.25,2,1.17,88.63,6.42,6,0,2.82,1.41,1.05,Media,Alta
S0381,25,Masculino,84.44,5,8.0,15.14,59.27,0,2,3.98,4.49,1.14,Excelente,Moderada
S0382,23,Feminino,93.67,7,1.23,15.19,82.5,6,5,1.85,3.03,3.81,Media,Moderada
S0383,21,Masculino,81.81,10,6.99,32.86,85.83,10,5,1.04,4.23,2.12,Bom,Alta
S0384,22,Masculino,88.06,0,4.16,5.45,46.36,8,1,4.11,2.47,3.32,Excelente,Moderada
S0385,22,Feminino,58.0,0,5.14,18.25,78.43,11,0,4.29,1.5,1.81,Media,Moderada
S0386,25,Masculino,73.08,10,9.03,96.52,94.69,2,1,1.24,1.17,2.08,Bom,Alta
S0387,20,Feminino,50.47,1,8.9,42.82,27.52,3,5,3.44,2.13,3.02,Excelente,Baixa
S0388,24,Masculino,62.33,10,8.18,63.2,39.8,3,3,2.51,1.98,4.9,Excelente,Alta
S0389,18,Masculino,86.32,5,5.1,72.61,93.15,12,1,4.18,3.24,3.47,Bom,Baixa
S0390,18,Masculino,99.59,8,7.36,36.7,33.82,18,2,4.5,1.09,4.74,Excelente,Alta
S0391,20,Feminino,54.96,3,5.13,14.72,91.39,9,4,4.4,3.08,4.84,Excelente,Alta
S0392,20,Feminino,70.07,2,8.7,20.66,98.1,4,5,4.11,2.57,1.83,Bom,Alta
S0393,25,Feminino,90.0,7,4.03,31.33,66.18,6,5,2.08,3.31,2.24,Media,Moderada
S0394,25,Masculino,60.2,10,9.7,63.61,81.69,15,2,4.25,3.81,4.08,Bom,Moderada
S0395,20,Feminino,77.75,9,9.32,39.83,74.95,0,1,3.13,3.54,4.47,Excelente,Alta
S0396,21,Masculino,86.65,8,7.42,0.68,69.95,11,0,1.21,4.94,3.08,Ruim,Alta
S0397,25,Masculino,80.8,10,2.79,52.34,30.69,1,3,2.83,1.55,4.97,Media,Moderada
S0398,23,Feminino,59.4,4,1.32,92.15,5.71,6,4,4.77,2.72,1.05,Bom,Moderada
S0399,25,Masculino,67.77,8,8.55,81.21,34.31,10,0,4.55,2.7,2.2,Excelente,Moderada
S0400,18,Masculino,89.19,1,1.65,82.52,66.69,12,0,1.41,2.67,3.49,Ruim,Alta
S0401,25,Masculino,77.71,2,8.54,79.51,10.25,1,2,3.98,3.66,2.88,Bom,Moderada
S0402,21,Masculino,50.26,6,4.91,32.37,1.19,6,1,4.22,2.96,1.47,Bom,Moderada
S0403,20,Masculino,88.05,6,4.07,76.52,13.97,14,5,2.09,3.07,2.47,Bom,Baixa
S0404,18,Feminino,51.77,5,9.03,14.32,71.57,10,5,2.89,2.73,1.1,Media,Moderada
S0405,25,Masculino,87.29,5,6.04,65.77,97.28,1,2,3.84,4.97,3.57,Excelente,Alta
S0406,21,Feminino,60.12,1,5.77,64.16,98.31,6,1,2.76,4.71,4.57,Media,Alta
S0407,23,Feminino,97.9,9,5.59,2.56,49.4,3,2,1.45,2.23,4.54,Media,Moderada
S0408,25,Masculino,68.4,5,3.71,78.8,86.94,10,5,3.82,1.45,3.8,Bom,Moderada
S0409,21,Masculino,66.35,3,7.86,90.32,73.68,1,0,4.65,4.36,2.86,Media,Baixa
S0410,23,Masculino,57.44,2,2.53,26.74,50.1,15,3,3.61,4.99,3.05,Excelente,Moderada
S0411,20,Feminino,65.28,10,9.39,81.24,57.28,6,1,4.1,2.17,1.55,Bom,Moderada
S0412,25,Masculino,93.83,1,8.94,8.24,13.72,12,4,2.43,2.43,2.36,Bom,Moderada
S0413,23,Feminino,99.82,0,3.37,60.0,93.77,4,4,1.73,4.77,1.75,Bom,Moderada
S0414,18,Masculino,68.42,10,7.29,48.56,35.19,16,0,3.57,3.84,4.28,Bom,Alta
S0415,20,Feminino,72.43,10,5.73,54.59,44.61,11,2,2.31,2.18,4.66,Bom,Alta
S0416,18,Masculino,86.1,4,3.38,92.62,67.17,18,2,4.44,3.32,3.15,Excelente,Moderada
S0417,22,Masculino,94.31,1,9.89,87.13,33.39,6,5,1.49,4.78,3.91,Bom,Alta
S0418,19,Outros,79.65,1,0.25,78.51,25.43,5,0,2.73,4.25,1.49,Bom,Alta
S0419,25,Feminino,69.58,6,2.53,27.37,63.1,7,5,2.59,3.97,3.43,Media,Alta
S0420,23,Masculino,70.63,7,5.2,91.18,2.5,12,5,4.75,3.95,3.81,Excelente,Alta
S0421,19,Feminino,84.78,9,5.22,9.75,72.07,4,4,1.61,1.71,2.81,Media,Alta
S0422,19,Feminino,50.16,7,5.89,85.33,51.4,1,5,1.04,4.3,1.97,Bom,Moderada
S0423,23,Feminino,80.98,3,7.52,32.82,60.58,8,5,1.95,2.1,4.51,Excelente,Moderada
S0424,20,Feminino,67.77,0,6.23,5.38,63.19,10,4,4.28,4.72,3.97,Bom,Moderada
S0425,25,Masculino,89.71,10,6.0,66.94,52.71,5,2,1.84,2.46,4.6,Bom,Moderada
S0426,22,Masculino,54.65,6,0.54,23.13,58.25,6,1,1.96,4.43,4.27,Bom,Baixa
S0427,18,Masculino,79.41,0,3.77,24.36,68.38,6,3,1.52,2.06,4.96,Bom,Alta
S0428,21,Feminino,74.05,10,2.32,30.6,75.31,18,5,3.86,3.06,1.77,Ruim,Moderada
S0429,18,Feminino,82.12,3,2.65,6.37,72.75,5,1,1.28,1.43,1.35,Ruim,Alta
S0430,21,Masculino,53.24,7,5.54,17.71,86.96,10,4,2.32,3.64,2.35,Bom,Moderada
S0431,18,Masculino,79.0,1,2.0,0.51,18.94,10,1,2.13,4.34,1.52,Media,Baixa
S0432,23,Feminino,78.07,5,2.94,44.54,40.11,6,3,3.22,3.87,3.09,Excelente,Moderada
S0433,22,Outros,78.03,5,2.37,8.43,94.78,1,1,3.92,3.09,3.53,Bom,Moderada
S0434,25,Feminino,80.17,8,9.49,68.27,39.66,18,1,3.13,1.18,3.31,Media,Moderada
S0435,21,Masculino,83.82,4,9.45,23.56,12.49,3,1,4.72,4.73,2.04,Bom,Moderada
S0436,25,Masculino,90.25,9,6.1,94.36,52.54,5,1,4.81,3.82,4.64,Excelente,Alta
S0437,25,Masculino,63.49,3,9.25,87.13,10.95,16,0,2.45,3.98,1.08,Excelente,Moderada
S0438,25,Outros,91.25,4,7.86,28.94,20.29,4,5,4.11,4.18,2.39,Bom,Moderada
S0439,24,Masculino,74.91,9,5.9,78.32,99.83,6,4,3.96,3.99,3.88,Bom,Moderada
S0440,20,Feminino,53.85,10,0.06,80.32,54.14,8,3,4.57,2.76,4.07,Bom,Alta
S0441,18,Masculino,52.93,4,7.73,98.66,28.41,0,4,2.79,3.93,2.66,Bom,Baixa
S0442,25,Feminino,66.71,7,7.02,59.78,99.48,0,0,3.12,3.5,1.07,Bom,Alta
S0443,18,Feminino,89.24,9,6.15,8.2,96.66,18,0,2.66,4.42,3.47,Media,Alta
S0444,25,Feminino,85.38,7,7.6,64.68,44.07,5,0,4.4,4.21,1.25,Excelente,Moderada
S0445,21,Masculino,89.43,1,5.13,62.5,26.04,17,5,1.92,1.17,1.43,Media,Alta
S0446,20,Masculino,75.86,6,7.04,63.84,83.84,9,0,1.96,2.52,3.6,Media,Moderada
S0447,20,Masculino,72.01,7,9.35,30.71,71.56,10,1,2.49,1.14,2.25,Media,Moderada
S0448,23,Outros,57.37,10,3.76,85.97,68.69,0,4,1.92,1.41,2.39,Media,Moderada
S0449,24,Feminino,66.41,5,7.08,95.95,89.31,0,2,3.24,3.41,2.95,Bom,Moderada
S0450,23,Feminino,71.7,4,4.76,21.77,68.94,12,3,1.54,4.5,4.91,Bom,Moderada
S0451,23,Feminino,54.43,10,6.74,8.82,28.38,4,0,2.28,1.48,4.86,Bom,Baixa
S0452,23,Feminino,61.03,8,7.63,19.45,69.39,19,4,4.65,2.8,2.67,Ruim,Moderada
S0453,23,Masculino,79.91,2,0.45,82.06,30.58,0,0,2.64,4.64,2.06,Bom,Moderada
S0454,23,Outros,86.78,9,6.47,67.66,75.92,19,5,3.99,4.26,2.21,Excelente,Baixa
S0455,22,Masculino,99.92,3,2.27,63.6,61.97,2,0,1.45,3.08,2.08,Excelente,Alta
S0456,20,Masculino,96.66,8,6.7,40.18,7.74,17,0,1.99,4.09,3.13,Ruim,Moderada
S0457,23,Feminino,82.13,5,4.68,57.78,51.28,8,0,4.23,3.09,3.43,Excelente,Alta
S0458,25,Masculino,71.06,7,7.74,30.79,34.33,13,0,4.05,1.63,2.96,Excelente,Alta
S0459,20,Masculino,81.81,6,1.23,47.72,32.86,16,3,2.54,1.5,2.63,Bom,Alta
S0460,20,Feminino,89.28,10,6.26,79.31,60.23,13,4,4.82,1.75,1.85,Ruim,Moderada
S0461,19,Masculino,55.92,1,2.78,98.12,32.23,3,5,4.64,2.4,2.93,Bom,Moderada
S0462,22,Feminino,70.5,2,8.53,93.25,77.69,4,0,4.85,4.72,2.36,Bom,Alta
S0463,23,Masculino,91.99,0,9.28,93.39,7.08,16,0,2.71,4.2,3.17,Media,Baixa
S0464,18,Masculino,69.19,8,9.96,40.22,66.04,1,0,1.79,2.73,3.7,Excelente,Moderada
S0465,21,Masculino,78.59,6,7.96,46.88,80.92,4,0,3.51,2.97,3.53,Media,Baixa
S0466,24,Masculino,79.39,0,7.54,70.56,67.28,3,1,3.74,2.06,2.85,Bom,Baixa
S0467,25,Feminino,59.22,2,2.16,92.22,49.72,3,1,1.5,3.82,3.22,Bom,Moderada
S0468,18,Masculino,68.11,3,3.36,14.2,95.03,5,2,4.15,4.21,2.14,Media,Baixa
S0469,22,Feminino,66.73,3,4.66,30.42,29.99,19,0,1.07,1.96,1.1,Ruim,Moderada
S0470,21,Feminino,51.31,4,7.73,13.92,1.92,12,2,2.93,1.17,3.5,Bom,Baixa
S0471,22,Feminino,51.21,2,9.15,61.2,43.2,4,3,2.32,3.5,2.01,Excelente,Alta
S0472,25,Outros,91.58,2,1.89,30.63,3.3,6,2,3.96,3.25,3.68,Media,Moderada
S0473,20,Feminino,63.65,0,9.22,32.61,95.39,19,4,2.25,2.61,3.99,Bom,Moderada
S0474,21,Masculino,75.9,6,6.96,7.09,20.99,0,1,4.31,3.58,4.66,Ruim,Moderada
S0475,20,Masculino,64.94,10,6.11,34.98,78.89,13,1,3.38,3.2,4.83,Ruim,Baixa
S0476,25,Masculino,97.03,9,2.0,86.25,77.46,3,0,4.18,2.0,1.04,Excelente,Baixa
S0477,18,Feminino,62.96,0,0.56,23.31,21.77,16,0,4.96,2.59,4.96,Ruim,Alta
S0478,25,Masculino,71.48,1,5.68,69.52,62.12,13,3,3.72,2.71,3.73,Bom,Baixa
S0479,18,Feminino,93.64,3,6.52,62.96,4.81,15,5,4.94,4.52,3.57,Media,Alta
S0480,21,Feminino,92.1,3,2.11,86.35,48.36,13,3,1.12,4.84,1.06,Excelente,Moderada
S0481,21,Masculino,59.31,4,5.56,13.23,1.46,15,4,2.35,4.57,4.44,Media,Moderada
S0482,23,Feminino,90.13,10,8.56,97.76,92.11,19,0,1.43,3.88,1.58,Media,Alta
S0483,22,Masculino,72.91,1,8.35,58.26,97.61,7,0,2.05,3.34,4.35,Media,Moderada
S0484,23,Masculino,74.15,3,9.27,99.55,22.23,2,3,4.36,3.76,1.06,Ruim,Moderada
S0485,22,Feminino,56.67,0,3.66,91.15,20.81,18,3,1.13,4.76,3.58,Bom,Alta
S0486,23,Feminino,54.03,1,3.18,22.15,75.37,0,3,3.08,2.0,2.74,Bom,Moderada
S0487,20,Feminino,86.4,0,7.49,5.62,25.34,1,1,3.27,3.14,1.8,Media,Moderada
S0488,21,Masculino,74.82,9,4.31,25.56,89.51,14,2,3.24,3.76,1.43,Media,Moderada
S0489,18,Masculino,71.84,9,0.88,52.76,57.39,9,2,2.9,3.72,2.76,Ruim,Alta
S0490,22,Feminino,86.48,3,2.83,17.16,35.08,17,0,4.16,2.01,1.49,Ruim,Baixa
S0491,25,Feminino,88.28,3,4.19,16.75,83.27,13,1,1.53,3.35,2.95,Bom,Baixa
S0492,22,Feminino,57.95,6,2.93,46.26,49.34,16,3,2.24,4.18,3.5,Bom,Alta
S0493,18,Masculino,80.51,9,3.32,3.33,91.16,12,0,3.46,2.9,4.31,Bom,Alta
S0494,23,Feminino,56.77,10,2.94,12.19,92.8,0,1,3.76,4.17,3.71,Media,Baixa
S0495,22,Masculino,87.57,10,0.41,41.59,16.54,4,4,2.62,2.44,1.26,Bom,Moderada
S0496,24,Masculino,82.85,8,6.37,6.31,0.23,12,5,4.5,4.76,2.23,Media,Alta
S0497,20,Outros,97.83,8,5.97,39.68,98.39,13,1,2.66,3.14,2.15,Excelente,Moderada
S0498,21,Masculino,53.45,4,6.53,47.4,90.61,2,0,2.61,3.38,4.66,Excelente,Moderada
S0499,18,Outros,52.85,9,1.92,45.13,5.54,14,2,1.14,1.13,4.47,Bom,Moderada
S0500,21,Masculino,64.11,0,2.96,86.92,83.3,18,3,3.2,1.68,2.48,Excelente,Alta
S0501,24,Masculino,63.09,0,6.2,53.01,45.78,16,5,3.83,3.53,1.28,Media,Moderada
S0502,22,Feminino,62.35,5,6.0,46.8,25.9,2,4,1.46,2.68,4.58,Excelente,Alta
S0503,22,Feminino,95.31,1,5.06,41.07,87.87,15,5,2.22,3.03,4.55,Excelente,Baixa
S0504,25,Feminino,62.48,7,3.5,81.76,19.67,13,5,4.13,1.25,4.42,Excelente,Moderada
S0505,24,Feminino,63.6,8,9.13,89.51,94.73,11,1,2.46,4.34,4.38,Media,Moderada
S0506,18,Feminino,87.97,3,3.4,85.32,20.56,11,0,1.97,4.14,2.92,Media,Moderada
S0507,25,Feminino,72.49,4,4.56,67.35,61.37,10,0,3.69,1.74,1.71,Excelente,Moderada
S0508,20,Feminino,88.84,10,6.78,13.74,22.31,16,5,1.79,3.54,2.91,Media,Baixa
S0509,25,Masculino,53.27,7,5.43,27.69,54.57,7,3,4.58,4.27,2.98,Bom,Alta
S0510,19,Feminino,74.38,2,3.47,4.61,68.4,16,0,1.42,3.56,2.96,Bom,Baixa
S0511,18,Masculino,51.68,4,4.36,93.08,19.02,19,5,3.83,2.24,3.16,Media,Alta
S0512,19,Outros,53.13,2,7.94,66.08,52.09,10,0,3.0,3.62,2.03,Excelente,Moderada
S0513,24,Outros,95.32,9,2.78,74.64,46.91,1,3,4.48,1.84,2.46,Media,Moderada
S0514,23,Masculino,56.96,2,1.42,31.16,7.1,9,4,1.5,2.27,2.74,Excelente,Moderada
S0515,19,Feminino,76.62,2,3.13,84.57,81.83,9,5,3.71,1.96,1.52,Ruim,Baixa
S0516,20,Outros,70.55,6,8.5,25.96,33.57,10,2,3.29,3.23,2.82,Excelente,Moderada
S0517,25,Masculino,67.37,6,0.89,0.16,57.46,5,2,2.92,1.43,4.24,Bom,Moderada
S0518,23,Feminino,94.99,6,9.92,37.64,51.48,3,5,2.97,4.73,4.31,Ruim,Baixa
S0519,25,Outros,51.09,9,5.41,57.08,51.33,11,1,3.89,2.33,2.65,Excelente,Alta
S0520,19,Masculino,83.19,7,9.85,47.87,10.72,10,4,4.75,1.88,3.08,Bom,Baixa
S0521,25,Feminino,98.17,4,9.39,86.21,42.35,12,1,1.37,2.99,1.13,Bom,Moderada
S0522,24,Masculino,78.01,4,4.53,10.54,45.24,4,2,1.08,2.11,3.7,Bom,Moderada
S0523,23,Outros,96.84,3,1.98,55.38,73.36,5,3,4.22,3.14,2.62,Bom,Alta
S0524,24,Outros,52.61,6,1.65,51.3,84.0,0,5,1.43,2.39,2.78,Excelente,Moderada
S0525,19,Outros,70.94,9,2.4,28.14,54.5,5,0,4.95,1.53,4.49,Media,Alta
S0526,24,Feminino,63.01,3,7.1,82.22,8.68,17,2,3.48,2.06,2.85,Bom,Alta
S0527,20,Feminino,86.54,1,2.73,75.28,23.68,8,4,3.6,2.75,1.08,Media,Alta
S0528,19,Feminino,99.06,3,3.41,73.29,16.49,14,2,1.8,1.12,1.91,Bom,Moderada
S0529,19,Masculino,62.83,7,4.49,87.62,12.46,7,4,1.96,4.08,2.9,Bom,Moderada
S0530,19,Feminino,82.71,8,9.13,72.28,36.59,18,4,3.64,3.49,2.7,Bom,Baixa
S0531,18,Masculino,59.9,2,1.89,23.18,22.94,15,5,4.64,3.41,4.44,Bom,Alta
S0532,25,Feminino,78.27,6,0.05,70.56,21.83,5,4,4.93,3.18,3.17,Bom,Moderada
S0533,18,Masculino,73.2,8,0.6,30.77,5.47,5,1,1.79,3.36,3.76,Bom,Moderada
S0534,18,Masculino,98.6,10,9.05,24.22,1.77,2,3,1.54,4.74,2.88,Bom,Moderada
S0535,20,Masculino,80.43,3,6.48,7.3,10.28,9,2,1.23,1.03,2.76,Excelente,Baixa
S0536,23,Feminino,67.48,9,2.73,74.4,17.22,0,3,4.47,1.19,2.79,Bom,Moderada
S0537,25,Masculino,55.7,2,1.77,71.1,43.1,13,0,2.18,1.77,2.64,Excelente,Baixa
S0538,24,Feminino,57.56,4,2.94,23.45,51.05,3,2,1.01,1.67,3.15,Media,Moderada
S0539,22,Masculino,61.27,0,1.15,74.94,14.06,11,3,1.9,1.72,2.0,Bom,Moderada
S0540,19,Masculino,62.55,2,9.42,91.78,42.48,5,3,2.36,3.69,4.56,Bom,Moderada
S0541,24,Feminino,92.53,7,7.84,10.8,34.17,10,5,4.96,2.84,2.33,Bom,Baixa
S0542,19,Feminino,78.06,10,4.62,23.26,18.34,11,5,3.09,4.97,1.59,Bom,Baixa
S0543,20,Masculino,76.17,7,8.65,75.03,0.68,9,0,1.82,1.91,1.39,Bom,Moderada
S0544,19,Feminino,55.74,3,2.49,27.45,46.7,17,4,2.34,2.24,1.05,Ruim,Baixa
S0545,18,Feminino,93.01,1,7.17,62.47,68.57,6,2,2.32,4.94,2.69,Media,Alta
S0546,25,Feminino,86.14,7,8.56,8.12,22.63,6,5,1.08,4.33,1.75,Media,Baixa
S0547,22,Masculino,53.38,7,3.57,45.22,13.18,10,2,1.54,2.88,1.09,Media,Alta
S0548,21,Masculino,85.39,9,7.57,73.91,88.7,3,0,3.78,3.22,3.08,Bom,Alta
S0549,19,Feminino,77.18,3,2.95,68.65,27.5,19,5,1.48,4.37,3.72,Excelente,Alta
S0550,24,Masculino,54.09,2,2.99,81.51,22.36,0,5,1.92,2.92,1.34,Media,Baixa
S0551,18,Feminino,72.92,1,1.07,87.75,85.71,12,4,2.4,1.82,2.84,Excelente,Baixa
S0552,21,Feminino,74.23,8,4.4,77.32,81.71,17,2,4.03,4.31,3.97,Bom,Baixa
S0553,22,Outros,58.29,0,7.3,67.16,44.83,8,2,3.33,3.15,4.94,Media,Baixa
S0554,21,Feminino,97.28,6,9.4,3.17,48.92,8,2,3.76,1.61,3.67,Media,Moderada
S0555,18,Outros,92.5,4,6.04,53.5,21.77,8,4,3.27,3.02,1.98,Bom,Baixa
S0556,25,Masculino,83.45,7,8.63,3.77,7.83,9,5,3.73,2.65,3.87,Bom,Baixa
S0557,25,Feminino,73.11,3,8.22,80.81,57.34,1,0,1.01,4.51,3.39,Media,Moderada
S0558,23,Masculino,70.59,6,1.73,32.07,9.83,5,2,4.72,1.5,1.85,Media,Alta
S0559,25,Feminino,82.55,4,4.86,56.24,44.93,14,3,1.44,4.5,4.4,Media,Moderada
S0560,23,Feminino,77.27,4,1.17,27.94,94.05,2,4,2.62,3.05,2.71,Ruim,Baixa
S0561,21,Feminino,53.11,8,6.82,78.25,95.28,10,1,4.08,2.62,4.85,Excelente,Baixa
S0562,20,Outros,75.63,8,9.5,88.65,23.93,5,0,2.74,1.65,3.89,Bom,Baixa
S0563,24,Feminino,90.32,8,1.37,39.86,62.41,2,3,4.79,3.8,3.58,Bom,Baixa
S0564,24,Masculino,72.96,5,7.34,86.29,47.41,10,2,2.87,4.71,3.91,Excelente,Baixa
S0565,21,Masculino,52.6,5,6.32,26.71,87.57,14,1,4.5,2.5,2.91,Ruim,Moderada
S0566,19,Feminino,89.31,4,5.84,53.47,27.14,12,0,4.24,1.97,3.02,Ruim,Moderada
S0567,19,Masculino,60.07,8,3.9,85.88,0.37,19,4,4.92,3.22,4.4,Excelente,Alta
S0568,25,Masculino,62.93,9,3.55,32.59,16.26,9,1,4.71,4.18,3.72,Excelente,Moderada
S0569,24,Masculino,58.24,7,0.45,95.4,34.95,5,5,4.59,1.02,4.59,Bom,Moderada
S0570,24,Masculino,66.51,6,2.18,12.19,31.57,14,1,3.93,3.53,4.56,Media,Baixa
S0571,23,Masculino,87.84,6,0.15,1.83,79.14,17,3,2.47,3.39,4.91,Bom,Moderada
S0572,20,Masculino,75.97,5,5.81,90.41,68.06,17,0,1.42,2.27,3.8,Excelente,Alta
S0573,18,Masculino,60.24,4,1.06,6.86,29.96,6,3,3.75,2.81,3.01,Excelente,Alta
S0574,19,Masculino,93.89,3,8.73,99.19,45.77,14,3,4.91,1.99,1.67,Bom,Moderada
S0575,24,Outros,93.98,2,5.23,95.14,9.56,17,2,3.91,4.16,3.82,Ruim,Moderada
S0576,23,Masculino,93.53,2,7.0,13.7,89.81,17,4,4.71,3.54,2.17,Bom,Moderada
S0577,22,Masculino,61.94,5,4.11,53.76,93.54,19,1,4.22,3.13,2.13,Bom,Alta
S0578,23,Feminino,72.56,3,5.61,18.49,97.98,8,0,1.65,2.57,1.95,Excelente,Moderada
S0579,19,Masculino,99.25,5,9.43,42.82,86.86,1,5,2.0,2.17,4.5,Bom,Alta
S0580,19,Outros,88.6,2,0.83,6.14,17.4,7,4,2.37,4.29,4.47,Media,Moderada
S0581,23,Feminino,51.36,3,2.54,22.39,4.62,19,4,1.67,2.81,3.52,Bom,Moderada
S0582,18,Masculino,53.26,8,7.8,36.33,57.96,1,0,3.33,3.01,2.89,Bom,Moderada
S0583,21,Masculino,73.2,4,0.99,43.86,91.26,10,4,4.9,3.08,3.69,Media,Moderada
S0584,19,Feminino,95.46,6,0.76,97.75,17.74,6,2,4.05,2.79,3.43,Excelente,Alta
S0585,23,Outros,76.94,9,3.62,80.79,0.7,5,4,2.69,2.02,2.66,Media,Baixa
S0586,24,Feminino,74.89,1,0.92,73.74,80.55,9,2,1.02,1.48,2.52,Bom,Moderada
S0587,23,Feminino,55.27,4,5.85,53.7,7.68,4,1,2.25,1.39,2.53,Bom,Alta
S0588,20,Masculino,82.84,8,2.26,84.0,41.37,10,1,3.11,4.03,3.36,Media,Alta
S0589,21,Outros,91.11,10,8.96,33.93,67.89,0,3,2.3,1.89,3.59,Media,Moderada
S0590,22,Masculino,69.02,2,7.84,70.89,23.68,1,2,1.44,1.22,2.81,Bom,Alta
S0591,18,Outros,88.78,8,7.0,99.38,8.4,0,5,2.77,4.19,4.87,Excelente,Alta
S0592,25,Feminino,98.22,10,6.17,31.46,77.0,18,1,2.01,1.62,1.34,Bom,Moderada
S0593,22,Feminino,60.19,5,8.63,67.4,63.02,1,4,4.64,3.5,2.39,Bom,Moderada
S0594,21,Feminino,76.17,3,2.23,84.43,98.85,19,0,1.41,2.35,2.68,Bom,Moderada
S0595,21,Masculino,64.36,6,8.73,91.58,34.43,3,0,1.2,1.51,1.07,Media,Moderada
S0596,21,Masculino,89.64,7,7.89,71.79,6.18,11,2,1.02,2.66,2.46,Excelente,Alta
S0597,22,Masculino,78.88,5,7.48,28.36,73.44,19,5,2.31,1.06,2.09,Bom,Baixa
S0598,24,Masculino,81.73,4,5.61,32.63,52.17,17,3,3.64,4.36,3.02,Bom,Alta
S0599,21,Feminino,89.9,5,2.46,2.08,21.32,0,4,3.92,3.05,2.35,Bom,Moderada
S0600,23,Masculino,69.8,4,4.24,76.09,78.17,0,2,2.81,1.56,3.9,Media,Alta
S0601,22,Masculino,95.75,7,7.94,4.27,20.38,13,0,3.74,1.95,3.04,Bom,Baixa
S0602,25,Outros,76.65,0,0.32,86.47,26.07,3,2,2.44,2.79,1.52,Bom,Moderada
S0603,21,Feminino,57.9,10,7.82,11.87,9.25,4,4,3.67,1.76,4.0,Ruim,Alta
S0604,23,Outros,84.79,6,2.4,17.19,39.94,10,5,1.16,2.07,1.4,Bom,Moderada
S0605,24,Outros,89.66,9,1.44,47.65,41.89,12,5,2.56,3.14,4.36,Bom,Alta
S0606,20,Masculino,65.84,9,1.16,73.79,51.46,15,1,4.16,4.33,4.73,Bom,Moderada
S0607,24,Masculino,92.86,10,0.27,13.9,70.9,12,4,4.21,2.61,2.29,Ruim,Moderada
S0608,25,Feminino,95.31,1,5.24,44.01,90.61,1,1,3.86,3.87,4.7,Ruim,Alta
S0609,21,Feminino,63.85,8,2.18,48.29,13.77,15,1,1.82,4.51,4.17,Bom,Moderada
S0610,25,Masculino,99.18,0,9.89,21.23,5.43,5,1,1.99,1.87,4.69,Excelente,Alta
S0611,22,Feminino,57.04,10,5.74,11.56,1.85,13,2,4.98,4.23,3.67,Ruim,Moderada
S0612,19,Masculino,60.1,9,1.38,83.64,14.36,0,0,1.41,4.03,1.94,Bom,Moderada
S0613,21,Masculino,59.21,5,6.89,50.25,65.79,16,5,1.72,2.43,4.58,Bom,Moderada
S0614,19,Feminino,94.7,8,8.98,1.44,72.75,10,2,1.52,4.96,1.74,Media,Baixa
S0615,23,Feminino,82.71,0,7.45,80.3,78.65,18,0,2.31,2.05,1.85,Bom,Alta
S0616,20,Feminino,57.61,3,0.76,98.08,24.37,2,5,1.84,2.02,2.08,Excelente,Baixa
S0617,18,Masculino,72.02,3,8.96,60.59,30.59,10,4,2.99,4.09,2.22,Media,Moderada
S0618,25,Feminino,80.76,8,7.94,50.37,48.31,4,5,2.9,2.74,3.06,Bom,Alta
S0619,24,Masculino,54.17,10,1.58,87.84,6.32,16,5,4.61,2.32,3.85,Bom,Moderada
S0620,20,Masculino,94.12,4,0.52,95.25,61.11,6,5,1.14,1.71,4.7,Bom,Moderada
S0621,21,Feminino,90.18,4,5.57,75.45,98.37,9,3,2.28,4.06,1.35,Bom,Moderada
S0622,19,Outros,75.26,5,1.56,44.55,36.08,10,4,3.39,4.15,4.82,Bom,Alta
S0623,24,Feminino,98.36,0,8.35,59.22,75.28,2,2,3.42,3.27,4.69,Bom,Alta
S0624,19,Feminino,70.89,0,3.58,70.09,50.0,19,2,2.92,4.83,1.22,Media,Moderada
S0625,22,Feminino,99.21,8,9.13,19.43,12.78,9,0,4.26,2.27,2.44,Media,Moderada
S0626,19,Feminino,83.4,2,5.66,44.72,58.22,9,2,1.25,1.88,4.25,Bom,Moderada
S0627,22,Masculino,81.73,3,1.83,82.98,29.99,13,1,4.26,3.71,3.45,Media,Alta
S0628,23,Masculino,58.3,0,1.4,65.47,3.44,11,5,2.98,4.03,4.12,Media,Baixa
S0629,24,Masculino,94.1,8,5.76,41.12,63.49,14,2,1.54,1.9,3.88,Media,Baixa
S0630,24,Masculino,71.37,7,7.62,66.34,85.89,9,0,4.54,1.31,2.99,Bom,Alta
S0631,18,Feminino,58.11,1,7.82,11.82,34.48,9,0,3.6,4.24,1.16,Media,Alta
S0632,21,Feminino,50.63,7,2.76,40.15,39.03,18,1,1.65,4.91,3.34,Bom,Baixa
S0633,22,Masculino,77.99,6,2.04,79.31,89.1,0,0,1.13,3.58,1.19,Excelente,Baixa
S0634,18,Masculino,76.37,10,0.17,22.05,81.36,9,3,1.56,2.11,3.41,Bom,Moderada
S0635,19,Feminino,85.97,5,6.79,18.6,71.5,1,5,3.44,4.99,4.2,Media,Baixa
S0636,19,Masculino,94.51,0,0.77,95.08,24.88,16,5,1.72,4.57,3.34,Excelente,Moderada
S0637,18,Feminino,53.97,6,4.21,20.99,91.02,6,5,1.9,3.05,4.99,Excelente,Alta
S0638,24,Feminino,86.57,9,6.02,26.09,15.44,6,4,1.1,4.3,2.82,Media,Moderada
S0639,19,Feminino,59.37,6,9.37,96.96,62.68,19,2,3.89,4.26,4.0,Media,Moderada
S0640,25,Feminino,92.91,8,3.12,73.47,2.88,8,3,4.24,4.74,3.67,Media,Baixa
S0641,23,Feminino,90.95,0,2.5,69.96,64.37,1,2,4.19,4.36,4.97,Bom,Alta
S0642,23,Masculino,77.04,1,6.54,85.29,27.71,13,3,1.51,3.57,3.85,Excelente,Moderada
S0643,25,Feminino,85.51,10,6.19,11.58,44.97,16,2,4.61,3.44,1.66,Media,Moderada
S0644,18,Feminino,65.72,8,3.32,70.6,34.53,0,1,3.69,2.87,4.82,Excelente,Moderada
S0645,25,Masculino,73.56,8,9.28,50.37,17.28,8,0,4.59,3.51,3.67,Media,Moderada
S0646,22,Feminino,91.08,5,8.45,82.92,62.2,19,0,2.79,4.18,1.24,Bom,Baixa
S0647,22,Feminino,72.96,5,2.24,50.81,88.2,18,1,2.75,4.88,3.63,Ruim,Moderada
S0648,18,Feminino,67.89,3,2.39,62.02,95.91,3,3,4.14,2.87,4.53,Bom,Moderada
S0649,25,Feminino,74.71,3,5.12,47.77,19.23,7,4,1.37,3.29,3.31,Bom,Baixa
S0650,22,Feminino,91.41,4,7.74,47.82,71.74,12,3,3.08,2.78,2.42,Media,Alta
S0651,24,Feminino,66.76,2,0.44,76.8,66.43,3,0,4.35,3.67,4.28,Bom,Baixa
S0652,25,Feminino,58.69,0,6.93,62.86,34.34,8,4,4.32,3.52,4.13,Bom,Moderada
S0653,24,Feminino,85.6,0,6.48,63.33,1.91,8,2,4.82,1.07,3.18,Media,Moderada
S0654,22,Feminino,91.3,6,2.31,45.03,68.98,17,4,3.79,3.16,1.62,Bom,Moderada
S0655,23,Feminino,55.03,0,6.81,53.11,94.55,11,3,1.83,1.35,2.0,Bom,Baixa
S0656,22,Feminino,61.99,0,9.4,74.57,63.21,9,1,1.08,1.11,3.95,Bom,Alta
S0657,24,Masculino,57.1,2,0.47,82.59,43.53,10,2,2.92,4.16,4.22,Excelente,Moderada
S0658,20,Feminino,67.4,9,3.2,69.66,52.52,6,3,3.05,2.03,2.12,Excelente,Moderada
S0659,21,Feminino,72.52,3,4.38,92.41,19.96,8,2,1.96,2.36,2.47,Media,Alta
S0660,19,Masculino,87.44,3,8.99,82.03,75.05,5,4,1.5,1.26,1.31,Media,Moderada
S0661,25,Feminino,82.56,1,9.62,56.19,74.64,18,0,3.34,1.72,3.85,Bom,Baixa
S0662,20,Masculino,81.05,0,4.44,67.14,14.55,15,3,4.06,4.06,1.01,Bom,Baixa
S0663,22,Masculino,67.62,2,7.5,92.63,87.8,14,1,4.97,2.97,1.19,Ruim,Moderada
S0664,23,Feminino,92.07,10,5.32,61.92,26.92,6,4,4.03,4.52,1.02,Ruim,Moderada
S0665,18,Masculino,73.56,3,5.38,82.48,98.23,15,3,4.17,2.59,3.58,Bom,Moderada
S0666,22,Feminino,98.96,2,2.78,68.88,38.29,4,1,3.47,2.07,2.67,Media,Alta
S0667,23,Feminino,81.71,7,2.17,55.19,17.79,15,3,4.94,2.39,2.19,Media,Baixa
S0668,21,Feminino,56.31,9,2.88,24.18,35.17,0,4,3.56,3.85,4.65,Bom,Baixa
S0669,22,Masculino,83.81,0,5.56,42.6,44.02,18,3,4.44,3.22,1.77,Excelente,Baixa
S0670,24,Masculino,66.26,1,0.29,96.77,6.93,4,2,4.78,4.62,2.56,Excelente,Moderada
S0671,18,Feminino,84.32,6,9.07,65.78,57.82,6,4,4.72,3.41,4.76,Media,Moderada
S0672,23,Outros,53.48,3,1.56,56.44,59.76,18,3,2.53,2.97,2.71,Media,Alta
S0673,23,Feminino,58.74,7,2.2,93.3,73.89,4,0,1.31,4.14,3.22,Media,Moderada
S0674,23,Masculino,92.79,10,5.18,58.65,2.92,16,3,1.69,4.79,1.32,Excelente,Moderada
S0675,21,Feminino,61.36,2,7.1,52.61,54.12,7,2,1.24,2.42,4.16,Media,Baixa
S0676,22,Feminino,91.85,5,0.96,75.93,5.29,0,1,1.42,2.0,2.69,Media,Baixa
S0677,21,Feminino,63.96,8,3.18,71.27,70.11,1,1,1.74,3.46,4.2,Media,Baixa
S0678,25,Masculino,82.14,0,9.69,19.32,5.57,14,1,2.36,3.0,2.02,Excelente,Baixa
S0679,19,Feminino,84.71,0,2.62,47.13,91.17,19,0,3.17,4.96,2.69,Media,Alta
S0680,19,Feminino,75.63,7,3.13,47.25,70.21,17,2,3.85,2.85,4.15,Excelente,Moderada
S0681,25,Outros,65.27,2,8.36,37.82,50.74,10,4,1.84,1.3,4.9,Media,Alta
S0682,22,Masculino,60.63,4,0.5,51.73,44.15,9,1,3.69,4.91,1.24,Media,Alta
S0683,24,Feminino,51.66,0,4.65,41.31,13.07,3,2,3.82,4.37,4.25,Excelente,Moderada
S0684,21,Outros,65.2,4,3.8,19.93,29.1,4,3,3.23,1.71,2.2,Media,Moderada
S0685,18,Masculino,82.66,10,3.17,41.24,86.9,3,0,4.61,4.62,3.2,Excelente,Moderada
S0686,23,Outros,96.92,5,2.86,7.23,90.45,12,2,1.44,2.36,2.16,Media,Alta
S0687,23,Feminino,93.56,7,0.91,57.58,0.07,12,2,1.71,2.51,3.45,Bom,Alta
S0688,22,Masculino,88.3,2,3.15,85.37,59.41,17,4,2.71,4.63,2.42,Media,Alta
S0689,24,Masculino,89.42,2,0.43,72.53,71.93,1,2,1.51,3.12,2.33,Ruim,Alta
S0690,19,Feminino,83.25,10,7.81,36.04,61.87,15,4,3.27,1.55,1.15,Bom,Alta
S0691,19,Masculino,63.01,10,3.98,8.71,8.17,0,0,2.59,2.48,1.59,Bom,Moderada
S0692,23,Feminino,95.36,9,4.44,20.21,21.77,18,0,2.14,3.89,4.67,Bom,Baixa
S0693,22,Masculino,83.54,8,8.94,54.55,25.03,8,3,1.68,1.7,4.99,Excelente,Moderada
S0694,21,Feminino,78.02,3,6.58,20.71,83.17,2,4,2.34,3.36,4.12,Bom,Moderada
S0695,19,Masculino,55.55,3,0.08,54.4,46.32,6,4,3.43,3.78,2.15,Media,Alta
S0696,21,Feminino,72.35,6,9.43,23.16,48.68,9,1,3.3,2.38,2.61,Ruim,Baixa
S0697,24,Outros,73.02,1,2.37,84.89,93.49,0,1,1.65,3.78,3.96,Media,Moderada
S0698,19,Outros,93.23,7,1.08,39.73,63.71,9,3,1.5,4.54,4.87,Bom,Baixa
S0699,19,Feminino,77.33,5,7.68,24.56,89.87,8,0,1.11,2.89,2.82,Media,Baixa
S0700,20,Masculino,69.02,2,5.0,81.23,45.65,14,5,1.05,2.53,4.32,Media,Baixa
S0701,19,Feminino,98.84,8,4.34,34.28,14.94,14,1,4.52,2.0,4.9,Bom,Alta
S0702,25,Masculino,55.54,4,2.5,11.15,92.99,2,2,1.18,3.42,4.49,Excelente,Moderada
S0703,18,Masculino,71.13,7,5.47,57.04,45.87,4,0,3.92,4.52,1.91,Bom,Alta
S0704,25,Masculino,52.1,6,2.74,58.16,18.16,8,5,4.49,2.3,1.03,Media,Alta
S0705,22,Feminino,87.0,7,9.02,71.47,30.24,8,2,1.39,2.58,2.97,Bom,Alta
S0706,22,Feminino,95.9,6,2.15,24.02,5.08,6,4,2.75,2.63,3.13,Media,Baixa
S0707,21,Feminino,64.0,2,8.84,44.38,46.83,11,0,4.85,3.24,1.81,Excelente,Baixa
S0708,25,Masculino,92.92,1,5.59,28.24,85.31,8,3,4.34,1.91,2.14,Ruim,Alta
S0709,25,Masculino,64.61,6,8.28,8.1,93.36,5,4,2.96,4.29,4.06,Bom,Moderada
S0710,25,Outros,95.54,2,7.13,87.66,93.26,1,4,4.05,2.18,2.88,Media,Baixa
S0711,24,Masculino,87.7,2,6.97,72.89,12.52,8,2,4.33,3.82,2.27,Excelente,Moderada
S0712,19,Feminino,90.25,1,3.24,30.15,38.21,16,4,2.39,3.05,3.49,Excelente,Moderada
S0713,18,Masculino,50.9,3,2.34,59.94,2.82,0,1,4.57,3.34,3.61,Media,Moderada
S0714,21,Feminino,98.14,7,2.11,20.13,85.52,18,0,2.88,1.72,4.08,Ruim,Moderada
S0715,25,Feminino,86.33,0,8.57,89.02,35.88,5,1,3.11,3.94,1.63,Bom,Moderada
S0716,25,Masculino,65.24,0,8.2,11.49,63.11,4,2,5.0,1.75,3.97,Excelente,Moderada
S0717,20,Masculino,91.47,4,4.41,0.38,71.49,1,5,4.37,1.45,3.4,Bom,Moderada
S0718,21,Feminino,64.08,10,1.32,50.2,42.98,8,2,2.45,3.19,1.23,Excelente,Alta
S0719,25,Feminino,93.64,4,3.82,58.31,30.64,13,0,1.04,3.84,4.11,Excelente,Moderada
S0720,21,Masculino,55.63,10,6.19,57.9,96.22,3,4,3.5,1.2,2.53,Media,Alta
S0721,19,Outros,85.18,0,4.54,5.45,96.45,3,3,3.82,1.28,2.32,Ruim,Moderada
S0722,20,Masculino,77.03,5,7.8,31.4,28.94,14,2,3.6,4.21,2.79,Excelente,Alta
S0723,21,Masculino,54.83,0,9.98,49.92,47.96,7,0,4.87,4.24,2.38,Bom,Baixa
S0724,18,Outros,62.09,4,1.91,21.66,97.28,3,3,4.45,1.98,2.35,Bom,Moderada
S0725,18,Masculino,50.62,8,4.6,87.26,0.49,15,4,2.8,3.46,4.23,Excelente,Moderada
S0726,22,Feminino,73.44,4,4.31,8.71,41.27,3,5,1.25,2.77,1.5,Bom,Baixa
S0727,20,Masculino,65.06,5,3.04,48.74,10.05,15,2,2.9,3.53,4.88,Bom,Baixa
S0728,20,Masculino,79.92,7,1.98,69.14,50.92,11,5,3.76,4.45,3.22,Excelente,Baixa
S0729,22,Outros,64.86,10,0.66,26.18,2.47,15,0,3.43,1.32,1.73,Bom,Moderada
S0730,21,Masculino,65.0,0,8.87,62.42,40.69,18,5,3.15,4.11,1.52,Excelente,Alta
S0731,20,Feminino,87.16,1,4.2,82.94,22.07,7,5,2.88,2.97,3.37,Bom,Baixa
S0732,18,Masculino,52.41,8,4.97,19.03,53.33,5,0,2.18,3.26,3.53,Excelente,Baixa
S0733,18,Masculino,95.14,2,9.17,91.72,99.6,9,0,2.11,3.62,1.21,Media,Baixa
S0734,25,Masculino,92.61,5,7.76,55.36,80.05,4,2,3.0,4.69,1.97,Media,Moderada
S0735,19,Feminino,83.39,4,1.31,29.92,84.56,17,5,1.64,1.23,4.18,Media,Moderada
S0736,20,Masculino,79.66,10,5.65,43.09,63.53,9,3,2.36,1.12,1.2,Bom,Alta
S0737,21,Feminino,94.62,1,4.42,31.22,4.16,9,0,2.3,1.71,4.42,Bom,Moderada
S0738,22,Feminino,59.27,6,7.97,72.51,20.68,6,4,3.35,4.95,3.63,Bom,Alta
S0739,22,Outros,53.95,3,7.24,79.63,92.51,17,5,1.27,3.86,2.74,Excelente,Alta
S0740,21,Masculino,61.98,0,6.9,83.29,36.61,0,0,4.32,3.46,2.39,Media,Moderada
S0741,24,Feminino,89.73,3,3.41,98.58,10.36,6,3,3.25,1.19,1.08,Bom,Moderada
S0742,23,Feminino,51.73,5,8.05,79.13,70.24,0,2,3.68,4.52,4.3,Bom,Alta
S0743,19,Feminino,79.14,6,0.52,60.14,29.95,14,5,3.81,4.25,1.57,Bom,Baixa
S0744,22,Feminino,99.77,6,1.6,33.92,26.89,3,0,2.17,3.66,2.24,Bom,Baixa
S0745,20,Feminino,92.78,6,3.36,54.46,99.8,19,0,2.88,2.36,3.28,Ruim,Moderada
S0746,19,Feminino,76.07,2,0.77,4.11,85.81,9,4,4.82,1.28,1.98,Bom,Moderada
S0747,20,Masculino,53.18,5,2.35,74.48,40.79,8,4,4.07,3.32,2.99,Media,Baixa
S0748,24,Masculino,91.57,7,8.3,44.6,98.03,1,5,4.88,3.88,4.24,Bom,Alta
S0749,18,Outros,79.95,3,9.48,2.0,65.01,13,0,3.99,1.38,2.88,Ruim,Moderada
S0750,19,Feminino,55.75,7,3.05,6.25,74.2,15,5,1.7,3.54,4.8,Bom,Alta
S0751,25,Feminino,54.69,1,2.65,38.75,3.15,0,0,1.26,2.15,4.39,Media,Moderada
S0752,22,Feminino,95.48,9,2.8,58.34,12.16,1,4,3.31,4.06,2.33,Excelente,Moderada
S0753,19,Masculino,83.46,8,2.78,46.42,63.31,6,3,2.43,3.16,2.6,Media,Moderada
S0754,19,Masculino,91.46,8,0.36,61.92,89.9,9,1,2.1,1.52,2.69,Bom,Alta
S0755,19,Feminino,93.95,7,9.27,48.03,62.37,19,1,4.23,3.11,3.5,Bom,Alta
S0756,23,Masculino,78.59,9,2.14,66.17,13.4,0,0,2.47,2.58,2.15,Media,Moderada
S0757,19,Masculino,75.87,9,4.2,21.91,11.58,12,4,2.27,1.72,4.88,Ruim,Moderada
S0758,20,Feminino,71.52,0,0.1,11.28,84.42,0,2,4.4,4.37,3.43,Bom,Moderada
S0759,18,Masculino,65.85,1,8.58,59.64,13.93,4,2,4.39,1.04,2.6,Media,Moderada
S0760,24,Feminino,71.73,5,7.31,48.47,52.02,15,1,2.43,2.25,3.58,Excelente,Moderada
S0761,21,Masculino,88.69,9,9.47,2.69,3.71,14,3,4.33,1.05,2.58,Media,Alta
S0762,19,Feminino,80.1,4,7.82,38.05,8.07,16,1,4.4,1.38,4.27,Media,Alta
S0763,22,Masculino,94.63,8,3.14,10.61,67.23,15,0,2.7,2.19,3.27,Bom,Moderada
S0764,19,Feminino,72.17,4,2.48,53.14,68.92,12,3,1.27,1.22,1.17,Media,Moderada
S0765,22,Masculino,80.35,1,6.98,39.58,34.15,10,2,1.01,3.39,1.71,Media,Alta
S0766,20,Masculino,81.57,9,3.64,61.32,21.56,16,4,3.09,1.35,4.46,Bom,Alta
S0767,22,Masculino,79.58,3,5.66,80.56,81.37,16,4,2.38,3.81,3.25,Media,Moderada
S0768,25,Feminino,85.13,8,0.06,29.97,21.71,1,0,4.99,1.21,4.8,Excelente,Alta
S0769,21,Feminino,61.87,0,0.62,96.21,54.2,12,1,4.09,1.24,1.29,Media,Moderada
S0770,18,Masculino,75.62,10,5.35,53.56,96.82,13,0,4.05,2.22,2.18,Media,Moderada
S0771,22,Feminino,55.21,0,5.66,61.83,14.79,10,4,4.82,4.59,1.77,Excelente,Alta
S0772,22,Feminino,69.23,6,7.51,68.07,94.09,9,2,4.55,3.57,3.22,Media,Alta
S0773,18,Feminino,74.38,10,1.32,66.67,18.29,2,4,2.27,4.08,2.53,Bom,Baixa
S0774,21,Masculino,82.61,2,5.13,51.1,56.74,16,3,1.66,1.57,1.63,Bom,Moderada
S0775,19,Feminino,97.53,9,1.94,42.88,37.7,14,5,3.98,4.34,3.57,Bom,Moderada
S0776,22,Masculino,80.03,1,0.93,5.38,96.49,8,4,2.51,1.03,3.15,Bom,Moderada
S0777,18,Masculino,87.18,8,4.1,2.21,27.35,9,4,2.89,1.85,2.1,Media,Moderada
S0778,25,Outros,75.31,2,1.63,35.8,39.97,7,5,3.52,3.46,2.92,Bom,Baixa
S0779,25,Masculino,81.71,1,2.22,33.37,98.29,12,3,4.63,2.5,3.98,Bom,Moderada
S0780,20,Feminino,53.55,7,3.18,38.77,53.65,17,1,2.68,4.94,1.82,Media,Alta
S0781,18,Feminino,62.72,9,2.59,13.84,50.26,4,4,4.13,1.12,2.17,Excelente,Moderada
S0782,20,Feminino,68.09,5,0.88,73.82,25.78,5,0,2.07,4.99,2.38,Bom,Moderada
S0783,25,Feminino,73.62,5,0.9,85.7,70.14,16,4,3.79,3.49,3.99,Bom,Moderada
S0784,21,Masculino,52.28,9,1.93,93.87,1.44,10,0,1.01,3.23,4.39,Media,Moderada
S0785,19,Masculino,57.0,10,0.51,49.24,4.95,19,3,4.49,1.24,2.51,Bom,Baixa
S0786,18,Feminino,63.84,6,6.26,70.09,59.94,15,4,1.12,2.09,2.19,Bom,Moderada
S0787,24,Masculino,98.58,6,2.87,85.56,34.17,8,3,3.85,4.7,4.56,Bom,Alta
S0788,25,Masculino,66.57,10,2.8,41.83,95.33,1,3,1.19,2.42,5.0,Media,Alta
S0789,25,Masculino,74.1,5,3.32,30.94,90.32,4,1,2.06,3.65,3.68,Excelente,Moderada
S0790,24,Masculino,59.8,3,6.63,93.67,71.37,0,4,2.99,5.0,4.96,Ruim,Alta
S0791,23,Masculino,80.54,10,8.71,51.57,81.81,3,0,2.68,2.05,3.64,Media,Moderada
S0792,25,Masculino,64.03,8,7.59,49.73,66.73,3,0,1.77,3.3,3.93,Media,Moderada
S0793,22,Feminino,60.35,5,7.28,17.84,12.56,2,4,2.34,3.79,2.55,Bom,Moderada
S0794,21,Feminino,75.83,3,4.84,10.82,76.55,8,5,3.91,1.66,2.73,Bom,Baixa
S0795,18,Feminino,50.28,2,6.94,84.21,21.02,11,1,3.68,1.59,1.58,Ruim,Moderada
S0796,24,Masculino,50.38,3,5.53,61.41,32.34,9,1,1.29,2.83,4.29,Excelente,Alta
S0797,22,Masculino,60.95,2,2.16,32.58,81.92,1,1,3.99,2.54,4.72,Excelente,Alta
S0798,24,Masculino,51.84,1,2.09,19.17,53.65,10,0,1.21,3.86,3.49,Bom,Moderada
S0799,18,Feminino,55.4,4,2.96,55.55,85.99,9,3,3.17,1.28,2.37,Ruim,Alta
S0800,20,Feminino,66.94,1,9.11,58.39,21.3,5,5,2.04,4.89,1.62,Media,Moderada
S0801,18,Masculino,90.13,5,5.47,20.7,60.78,17,1,3.35,1.06,2.06,Bom,Alta
S0802,23,Outros,78.6,2,7.34,85.14,8.38,1,0,2.05,3.41,2.02,Media,Moderada
S0803,18,Masculino,75.63,5,3.47,8.43,64.31,1,0,4.94,3.25,3.45,Bom,Baixa
S0804,18,Feminino,64.67,10,4.08,35.61,76.25,9,3,2.24,1.54,4.78,Media,Alta
S0805,23,Feminino,96.59,9,1.26,68.04,58.49,15,4,1.97,1.6,1.19,Bom,Moderada
S0806,21,Feminino,69.85,8,1.71,27.41,26.62,11,4,2.11,4.17,1.0,Media,Moderada
S0807,25,Feminino,54.35,0,8.27,82.77,3.13,0,1,4.59,4.55,3.4,Bom,Moderada
S0808,18,Feminino,80.85,5,5.85,73.99,11.94,7,1,3.54,2.13,2.14,Bom,Moderada
S0809,23,Masculino,55.69,8,3.38,78.9,62.23,15,5,3.92,2.75,4.52,Bom,Moderada
S0810,22,Feminino,67.26,10,8.03,11.91,93.44,17,3,4.67,2.42,2.31,Bom,Moderada
S0811,20,Masculino,75.37,3,2.47,14.05,20.65,12,1,4.65,1.29,2.16,Media,Moderada
S0812,20,Feminino,93.71,10,9.76,28.65,73.5,14,3,3.96,3.69,2.08,Bom,Moderada
S0813,18,Feminino,74.68,1,3.45,51.81,86.65,11,0,1.79,4.3,1.58,Bom,Alta
S0814,21,Feminino,85.11,3,3.37,74.8,52.09,7,1,4.37,2.22,3.33,Bom,Moderada
S0815,21,Feminino,99.64,0,3.12,83.65,66.93,9,0,1.82,4.96,1.67,Bom,Baixa
S0816,22,Feminino,56.57,2,1.22,70.43,81.5,13,2,3.97,1.3,2.7,Excelente,Baixa
S0817,18,Feminino,63.74,9,1.11,92.86,26.07,4,3,3.74,3.65,2.84,Bom,Baixa
S0818,20,Feminino,69.73,8,6.48,73.87,29.69,17,2,4.04,2.79,1.08,Bom,Moderada
S0819,21,Masculino,71.09,9,8.75,30.63,0.06,18,1,3.13,2.79,1.07,Bom,Moderada
S0820,18,Masculino,70.55,4,7.91,26.51,96.31,14,0,3.55,2.83,3.08,Bom,Moderada
S0821,24,Masculino,95.38,10,1.41,69.62,91.75,5,1,4.81,2.03,3.78,Ruim,Moderada
S0822,21,Masculino,85.7,5,5.46,19.29,76.46,10,2,1.4,3.86,4.77,Media,Moderada
S0823,23,Feminino,80.4,2,1.06,9.27,7.91,10,1,2.24,3.89,1.72,Bom,Moderada
S0824,24,Masculino,65.47,4,0.45,53.22,44.75,19,5,3.45,2.13,1.41,Media,Moderada
S0825,25,Outros,91.19,10,6.56,82.16,10.19,19,4,4.86,4.34,1.21,Media,Moderada
S0826,21,Masculino,97.75,7,5.35,10.14,1.59,17,2,1.38,2.27,2.74,Bom,Moderada
S0827,20,Masculino,91.06,5,0.82,79.19,61.62,17,1,1.09,3.9,3.49,Media,Alta
S0828,19,Feminino,50.08,3,0.35,81.16,96.08,9,0,1.22,1.48,4.36,Excelente,Alta
S0829,24,Feminino,81.82,1,9.9,48.23,90.29,1,1,1.21,1.67,3.73,Media,Baixa
S0830,25,Feminino,52.56,8,0.3,5.73,69.68,8,0,4.63,2.26,1.83,Bom,Moderada
S0831,22,Feminino,62.88,0,4.45,17.46,9.66,13,4,3.89,3.38,2.85,Bom,Moderada
S0832,22,Feminino,52.98,0,5.05,70.74,27.42,18,1,3.71,3.58,4.64,Bom,Moderada
S0833,20,Masculino,80.19,3,1.17,71.18,32.01,9,4,3.09,2.59,2.31,Ruim,Moderada
S0834,21,Outros,84.33,6,1.69,89.84,76.32,3,2,4.13,1.31,2.99,Media,Alta
S0835,18,Outros,55.72,0,3.52,58.27,80.22,5,0,1.62,2.49,4.83,Bom,Moderada
S0836,21,Feminino,69.19,8,7.62,12.41,38.51,13,5,2.57,3.76,3.94,Excelente,Moderada
S0837,20,Masculino,72.81,3,5.07,12.14,41.79,3,2,2.96,3.68,3.99,Bom,Moderada
S0838,22,Feminino,68.45,2,6.38,72.11,4.45,14,0,1.44,1.64,2.01,Bom,Moderada
S0839,21,Masculino,56.05,0,9.85,18.38,28.91,15,4,2.68,1.03,2.66,Excelente,Alta
S0840,22,Masculino,70.95,9,7.68,32.84,45.13,6,3,2.27,4.01,1.33,Bom,Moderada
S0841,24,Masculino,87.56,3,4.34,48.72,11.7,16,1,1.14,1.43,3.43,Media,Alta
S0842,25,Feminino,53.55,8,4.46,2.48,45.33,18,4,1.55,1.33,1.41,Media,Moderada
S0843,18,Feminino,54.01,9,6.19,24.88,85.32,18,0,4.06,1.01,4.34,Bom,Moderada
S0844,24,Feminino,67.74,5,6.65,40.79,58.13,16,0,1.07,2.73,4.26,Bom,Baixa
S0845,22,Feminino,97.09,5,5.01,27.96,7.89,5,0,4.74,3.01,3.13,Ruim,Moderada
S0846,22,Masculino,83.43,0,6.45,13.64,19.17,10,0,1.35,3.55,1.56,Media,Moderada
S0847,19,Masculino,83.93,9,0.24,72.8,47.45,15,1,4.2,2.18,1.1,Media,Moderada
S0848,19,Masculino,68.1,1,4.3,81.31,36.15,7,2,4.59,3.84,4.19,Ruim,Moderada
S0849,24,Outros,79.68,10,2.79,25.75,35.87,10,5,4.76,1.68,3.4,Media,Alta
S0850,23,Masculino,50.51,5,1.29,77.44,52.93,6,3,4.47,4.33,3.84,Excelente,Moderada
S0851,24,Feminino,81.8,1,1.0,38.56,58.44,18,1,2.15,3.29,2.22,Bom,Baixa
S0852,19,Feminino,95.66,2,6.03,50.67,79.69,9,0,2.33,3.34,3.04,Ruim,Alta
S0853,22,Masculino,80.63,3,5.24,85.6,34.1,8,1,2.71,1.84,3.99,Bom,Moderada
S0854,20,Feminino,93.68,10,2.54,75.0,80.55,3,4,1.56,1.3,2.85,Excelente,Baixa
S0855,24,Feminino,86.2,4,4.71,80.51,33.86,14,5,1.09,2.86,3.41,Bom,Moderada
S0856,22,Feminino,56.03,8,4.92,13.68,5.54,12,0,4.48,3.46,4.16,Media,Moderada
S0857,20,Outros,95.12,3,1.95,6.97,55.42,1,3,3.22,1.38,1.86,Ruim,Moderada
S0858,20,Masculino,53.32,10,6.52,89.34,58.79,1,0,3.43,4.8,1.26,Bom,Moderada
S0859,19,Masculino,76.7,8,7.81,38.78,93.45,15,5,4.71,4.92,3.13,Bom,Moderada
S0860,24,Feminino,57.11,10,7.91,28.79,72.61,8,3,3.66,3.18,1.25,Media,Moderada
S0861,21,Outros,50.59,9,6.02,72.47,91.78,12,5,3.76,4.8,4.07,Bom,Baixa
S0862,18,Masculino,71.1,2,5.12,83.64,90.83,2,3,4.15,1.72,3.88,Excelente,Alta
S0863,19,Feminino,64.75,7,0.61,86.25,60.46,8,2,1.47,1.1,4.53,Ruim,Moderada
S0864,19,Feminino,74.3,0,2.88,31.6,52.78,12,2,2.44,1.16,3.56,Bom,Alta
S0865,21,Feminino,78.86,10,0.93,85.22,55.74,1,1,4.87,3.35,1.27,Bom,Alta
S0866,18,Masculino,52.19,8,9.64,4.09,97.83,7,1,4.69,1.25,2.01,Media,Moderada
S0867,22,Feminino,56.15,8,1.35,4.97,77.32,8,3,4.54,4.83,4.23,Excelente,Moderada
S0868,23,Outros,77.93,9,1.52,62.35,10.63,15,0,2.81,1.57,1.67,Ruim,Alta
S0869,24,Masculino,67.16,1,8.9,6.31,77.84,1,4,4.43,2.22,3.79,Bom,Alta
S0870,23,Masculino,86.46,3,9.44,32.46,17.05,5,4,1.19,4.29,4.12,Bom,Moderada
S0871,22,Outros,82.61,7,7.66,67.28,44.74,7,0,1.59,1.87,2.32,Excelente,Baixa
S0872,25,Masculino,92.28,6,0.05,33.73,21.05,4,0,2.66,1.97,2.29,Bom,Moderada
S0873,19,Feminino,84.62,0,0.01,17.96,68.96,8,2,2.93,3.57,3.23,Media,Alta
S0874,18,Feminino,71.5,4,3.78,28.14,87.73,0,4,2.05,2.1,4.45,Media,Baixa
S0875,19,Masculino,83.65,6,1.43,45.76,29.04,8,3,2.43,1.87,1.9,Ruim,Moderada
S0876,20,Feminino,63.77,3,0.18,47.54,8.2,9,5,1.65,2.02,4.77,Bom,Baixa
S0877,19,Masculino,65.32,0,4.64,78.3,29.85,3,1,2.96,2.96,3.4,Media,Moderada
S0878,19,Feminino,89.45,8,9.43,75.02,67.24,2,5,4.18,4.86,4.97,Bom,Moderada
S0879,22,Masculino,72.32,4,3.24,45.68,32.88,9,2,3.65,4.33,1.36,Media,Baixa
S0880,22,Feminino,89.92,10,6.61,84.57,27.81,14,4,1.43,2.14,1.51,Media,Alta
S0881,22,Masculino,91.12,1,6.52,11.42,18.44,10,0,2.95,2.45,4.31,Bom,Baixa
S0882,23,Masculino,92.88,7,2.51,25.54,49.75,13,4,3.79,2.86,4.46,Bom,Baixa
S0883,20,Outros,95.83,10,6.5,82.8,27.59,5,3,3.12,4.92,2.78,Bom,Baixa
S0884,25,Masculino,71.55,1,2.12,37.8,73.1,11,2,2.57,1.69,3.86,Bom,Moderada
S0885,25,Feminino,65.94,2,1.22,98.12,7.66,12,0,3.49,2.43,4.47,Ruim,Alta
S0886,22,Masculino,79.11,9,7.01,46.63,66.4,16,5,4.87,3.92,1.17,Bom,Moderada
S0887,18,Feminino,68.56,0,1.13,79.19,23.76,15,3,1.38,4.86,3.3,Excelente,Baixa
S0888,23,Masculino,80.05,10,9.97,40.23,48.93,2,5,2.56,1.62,4.41,Excelente,Moderada
S0889,21,Outros,85.28,1,1.83,42.5,28.61,1,1,2.63,1.91,2.59,Media,Moderada
S0890,18,Feminino,84.42,6,5.94,38.29,72.28,10,2,3.31,1.9,2.21,Bom,Moderada
S0891,24,Masculino,68.73,9,4.11,71.91,94.53,8,3,1.61,1.08,4.18,Bom,Moderada
S0892,24,Masculino,58.34,1,1.26,54.75,91.71,2,3,1.71,3.42,2.34,Bom,Alta
S0893,18,Masculino,71.53,5,0.28,94.38,58.34,17,5,2.14,3.68,1.01,Media,Moderada
S0894,22,Feminino,57.13,2,6.23,25.09,46.26,19,0,4.82,3.41,4.84,Bom,Baixa
S0895,21,Masculino,94.5,3,8.07,10.06,81.83,14,1,3.94,1.29,3.37,Media,Alta
S0896,21,Feminino,67.29,10,8.42,39.33,68.33,13,5,3.65,1.28,4.28,Bom,Baixa
S0897,23,Masculino,57.72,7,4.83,61.67,18.36,1,3,4.27,1.84,4.3,Bom,Moderada
S0898,21,Masculino,51.27,2,7.77,86.08,82.09,16,2,1.51,2.16,1.27,Excelente,Moderada
S0899,24,Feminino,82.29,9,6.73,34.62,42.89,7,3,4.44,4.15,1.68,Excelente,Moderada
S0900,20,Feminino,81.85,5,7.24,65.38,18.9,9,4,3.38,1.64,2.24,Bom,Alta
S0901,22,Masculino,67.03,0,4.93,35.02,28.18,17,2,2.34,1.18,2.28,Bom,Moderada
S0902,21,Masculino,53.59,6,6.33,61.72,26.75,18,2,4.26,2.58,3.64,Media,Moderada
S0903,23,Masculino,70.48,7,8.06,88.48,51.92,7,3,4.21,2.67,3.49,Excelente,Moderada
S0904,24,Feminino,65.56,10,3.98,23.14,23.44,7,0,4.38,2.8,2.98,Excelente,Moderada
S0905,20,Feminino,83.86,7,8.06,40.42,12.36,2,2,1.46,4.31,1.85,Media,Alta
S0906,19,Feminino,80.29,2,5.92,99.33,12.37,2,4,4.88,1.39,2.53,Bom,Moderada
S0907,19,Feminino,68.23,9,1.66,86.86,58.33,11,5,4.84,3.82,3.17,Media,Moderada
S0908,20,Feminino,60.89,0,0.25,56.46,73.48,16,0,2.43,2.35,2.87,Media,Moderada
S0909,24,Feminino,99.4,8,3.63,51.66,32.15,3,0,1.26,2.24,1.51,Bom,Alta
S0910,23,Feminino,72.7,5,5.47,28.46,3.47,16,0,1.67,4.73,3.6,Media,Baixa
S0911,20,Masculino,84.41,10,8.4,51.72,12.72,13,2,4.97,1.99,1.29,Bom,Moderada
S0912,22,Masculino,57.03,8,1.27,84.82,91.47,18,0,3.25,3.57,2.51,Bom,Moderada
S0913,22,Masculino,74.28,6,8.0,68.52,49.35,8,3,2.43,2.1,3.84,Bom,Moderada
S0914,19,Masculino,51.38,0,8.63,29.0,45.36,11,0,2.15,3.03,1.08,Bom,Moderada
S0915,21,Feminino,75.27,0,1.51,20.15,3.8,4,4,2.03,4.15,3.28,Bom,Alta
S0916,23,Outros,98.2,5,8.52,26.52,72.86,10,1,3.66,4.53,2.34,Bom,Moderada
S0917,19,Masculino,69.21,4,9.91,16.98,52.81,19,4,2.68,4.35,1.04,Bom,Moderada
S0918,21,Masculino,51.95,8,7.27,9.56,20.21,2,2,4.86,3.33,1.76,Excelente,Moderada
S0919,21,Feminino,51.55,1,7.85,41.91,11.01,14,0,3.74,2.0,4.76,Excelente,Moderada
S0920,25,Outros,69.4,7,9.94,11.33,38.34,13,0,4.17,3.64,3.08,Excelente,Moderada
S0921,22,Masculino,58.0,10,6.05,17.19,83.72,10,3,2.17,3.84,4.99,Excelente,Moderada
S0922,24,Feminino,51.17,4,3.08,54.73,86.53,19,5,1.32,1.04,3.1,Bom,Baixa
S0923,18,Masculino,87.81,1,8.38,16.46,60.28,7,0,2.95,2.76,3.18,Bom,Alta
S0924,24,Masculino,72.93,9,6.14,6.39,72.75,3,4,2.26,4.37,2.57,Excelente,Baixa
S0925,18,Outros,64.46,10,5.81,31.74,11.52,11,2,1.81,2.96,2.24,Media,Alta
S0926,20,Outros,95.0,10,2.54,22.03,58.81,7,1,4.81,2.25,2.01,Media,Moderada
S0927,22,Masculino,55.81,5,7.56,51.53,66.7,5,0,2.78,4.49,2.37,Bom,Moderada
S0928,21,Outros,97.8,9,0.82,10.24,20.07,14,1,1.7,1.62,2.84,Media,Moderada
S0929,23,Feminino,65.7,7,9.24,75.18,88.02,11,0,1.79,1.83,1.77,Bom,Moderada
S0930,18,Feminino,94.42,3,3.26,90.62,19.5,15,2,2.12,3.75,1.9,Excelente,Moderada
S0931,24,Feminino,80.15,1,1.28,74.34,31.35,15,5,5.0,2.41,2.09,Ruim,Alta
S0932,21,Feminino,91.34,10,4.42,53.28,62.06,19,4,2.07,3.85,2.8,Excelente,Moderada
S0933,18,Feminino,99.2,4,0.42,86.07,63.84,19,2,2.32,1.63,3.61,Ruim,Alta
S0934,18,Feminino,64.42,1,6.85,69.49,69.94,3,1,3.64,2.01,4.42,Bom,Moderada
S0935,25,Masculino,98.06,1,9.03,1.06,11.2,10,0,2.18,1.63,2.15,Bom,Alta
S0936,18,Masculino,69.47,5,8.37,39.41,84.95,12,1,1.86,4.81,1.73,Bom,Alta
S0937,23,Masculino,69.28,10,1.27,85.1,53.28,8,4,1.63,2.62,2.52,Bom,Alta
S0938,22,Feminino,67.02,9,1.26,34.59,47.13,3,2,2.25,2.35,4.58,Excelente,Moderada
S0939,23,Masculino,77.07,8,8.13,3.52,98.11,11,1,1.42,1.06,1.04,Bom,Baixa
S0940,19,Feminino,57.71,3,9.24,74.62,74.04,8,1,1.07,1.61,3.71,Media,Baixa
S0941,21,Outros,77.69,5,4.61,80.2,11.8,12,4,4.22,2.68,2.91,Bom,Alta
S0942,22,Masculino,77.09,6,4.99,16.06,75.65,15,0,1.55,1.27,1.64,Bom,Moderada
S0943,25,Feminino,88.1,10,3.18,53.73,9.52,5,1,4.1,3.04,2.28,Bom,Moderada
S0944,22,Masculino,91.68,5,8.94,19.2,2.75,9,4,4.19,2.82,1.9,Media,Moderada
S0945,22,Feminino,72.02,7,6.45,71.92,40.36,12,0,3.15,4.07,4.51,Bom,Moderada
S0946,24,Masculino,65.12,3,2.88,27.16,99.36,6,5,2.24,3.64,2.93,Bom,Alta
S0947,22,Feminino,62.97,0,2.99,31.62,17.49,18,0,1.58,2.78,3.25,Ruim,Moderada
S0948,25,Feminino,59.73,6,8.91,84.5,67.26,18,5,3.95,1.9,3.37,Bom,Moderada
S0949,23,Outros,52.88,2,0.14,47.63,17.34,16,2,3.41,3.91,3.56,Bom,Alta
S0950,22,Feminino,67.12,5,3.23,66.98,72.48,12,4,3.62,3.83,2.98,Media,Moderada
S0951,20,Feminino,63.51,1,5.54,40.24,50.54,12,0,1.03,1.61,1.07,Media,Moderada
S0952,21,Feminino,98.32,8,1.48,29.8,68.0,1,5,4.71,4.66,2.34,Bom,Alta
S0953,22,Feminino,77.89,0,0.92,62.55,20.29,9,5,1.27,1.26,1.74,Excelente,Moderada
S0954,21,Feminino,67.36,5,8.15,15.49,74.56,12,2,2.47,1.22,3.72,Media,Moderada
S0955,20,Masculino,79.02,5,8.94,37.3,99.56,8,3,2.61,1.75,1.23,Bom,Baixa
S0956,20,Outros,56.96,4,8.24,20.9,66.57,0,4,1.01,4.64,3.26,Ruim,Moderada
S0957,21,Feminino,72.2,4,8.99,69.58,49.35,13,3,2.99,3.08,1.84,Excelente,Moderada
S0958,18,Feminino,81.31,0,5.53,94.42,92.32,15,0,4.01,4.15,4.8,Bom,Moderada
S0959,19,Masculino,74.44,9,8.12,99.55,1.59,19,4,4.29,1.91,2.34,Excelente,Moderada
S0960,24,Feminino,70.09,4,3.84,45.03,72.99,14,2,4.52,2.96,2.3,Media,Alta
S0961,18,Masculino,99.69,1,6.66,25.25,88.87,0,0,2.95,2.43,4.69,Media,Moderada
S0962,18,Feminino,94.02,6,9.89,44.28,6.17,16,4,3.52,4.31,2.67,Media,Moderada
S0963,23,Masculino,81.17,2,2.26,84.73,45.01,12,4,1.32,1.09,4.85,Ruim,Moderada
S0964,24,Feminino,78.47,3,3.9,20.6,20.47,14,3,2.95,1.98,1.1,Excelente,Baixa
S0965,24,Outros,81.03,2,4.8,95.21,56.65,15,0,1.62,1.61,2.23,Excelente,Moderada
S0966,18,Masculino,60.07,2,1.38,34.19,64.95,15,2,2.48,4.44,3.66,Media,Alta
S0967,22,Outros,69.76,3,0.81,98.58,30.26,1,2,2.32,2.87,4.56,Media,Alta
S0968,23,Masculino,51.97,4,8.3,83.86,46.0,16,0,2.69,2.62,2.03,Media,Alta
S0969,23,Feminino,73.78,0,9.77,80.86,27.93,10,0,3.29,2.8,4.72,Media,Moderada
S0970,20,Feminino,77.15,3,4.05,31.79,36.94,7,5,4.61,4.89,3.38,Bom,Moderada
S0971,25,Feminino,61.39,10,0.88,0.88,15.95,19,1,2.58,4.4,4.2,Bom,Baixa
S0972,24,Feminino,98.2,7,0.66,38.21,88.56,2,3,4.92,3.83,2.59,Ruim,Moderada
S0973,18,Feminino,95.47,9,8.91,30.18,1.0,11,0,4.04,2.16,1.85,Bom,Baixa
S0974,20,Masculino,86.11,6,4.64,3.74,88.24,19,0,3.05,1.66,4.64,Bom,Moderada
S0975,21,Masculino,76.67,8,3.2,50.54,57.17,15,1,3.58,4.69,4.73,Media,Baixa
S0976,19,Feminino,93.5,4,4.76,40.3,33.17,13,1,1.41,2.69,2.99,Bom,Moderada
S0977,25,Feminino,56.53,9,3.18,63.46,72.31,15,4,4.38,2.12,1.03,Media,Moderada
S0978,25,Feminino,89.53,3,4.89,62.12,50.78,16,2,3.33,2.88,1.44,Excelente,Moderada
S0979,25,Feminino,56.24,7,8.6,12.07,49.91,10,3,4.94,4.67,3.29,Media,Moderada
S0980,23,Masculino,89.71,8,5.92,97.7,11.01,16,4,3.55,2.55,1.1,Media,Moderada
S0981,21,Feminino,63.79,6,6.95,18.69,38.95,18,0,4.34,3.25,2.59,Bom,Alta
S0982,25,Masculino,93.85,6,3.65,44.53,24.11,0,1,4.2,4.21,2.21,Bom,Alta
S0983,21,Feminino,97.2,4,7.39,48.81,1.57,11,5,2.38,2.71,3.86,Bom,Moderada
S0984,22,Masculino,57.44,3,6.67,81.31,36.01,14,2,2.04,1.93,1.22,Bom,Moderada
S0985,25,Masculino,73.13,9,1.2,9.92,8.98,17,4,2.72,4.98,2.95,Bom,Alta
S0986,19,Masculino,99.05,0,5.73,42.86,25.68,13,5,2.87,4.83,3.32,Bom,Alta
S0987,21,Masculino,74.17,9,2.57,62.85,9.25,0,2,1.96,4.37,3.47,Bom,Moderada
S0988,21,Feminino,93.18,9,8.04,21.52,10.09,12,5,4.58,3.75,2.62,Excelente,Moderada
S0989,19,Masculino,79.44,6,4.26,62.75,19.9,14,1,3.17,2.18,2.22,Excelente,Alta
S0990,25,Masculino,68.77,0,9.95,92.37,99.98,6,4,4.91,4.65,3.73,Media,Alta
S0991,19,Masculino,64.29,0,0.93,99.75,0.22,14,4,4.24,2.1,4.39,Excelente,Alta
S0992,21,Masculino,60.16,4,7.8,3.25,63.87,19,2,3.22,4.2,3.77,Media,Alta
S0993,19,Masculino,88.09,8,6.74,23.56,14.12,9,5,4.79,4.67,4.73,Media,Baixa
S0994,21,Masculino,69.33,5,7.67,31.03,92.06,13,1,3.02,3.41,3.87,Media,Alta
S0995,21,Feminino,75.56,2,3.08,39.91,9.36,5,0,4.55,4.21,4.06,Media,Moderada
S0996,22,Feminino,74.62,2,4.92,24.23,95.51,13,4,2.43,4.17,1.67,Excelente,Moderada
S0997,18,Feminino,78.86,6,7.97,20.35,61.09,11,0,2.51,1.77,2.68,Media,Baixa
S0998,21,Feminino,93.28,5,2.33,95.46,0.13,10,1,2.67,3.67,2.94,Bom,Alta
S0999,25,Masculino,99.04,8,2.26,91.85,89.4,19,4,3.19,1.37,2.03,Media,Alta
S1000,20,Feminino,70.38,5,5.51,4.7,52.17,18,4,3.21,3.03,3.11,Media,Alta
